Language_ID	Language_Name	Language_Family_Name	Language_Macroarea	Parameters_Coded	Total_Compared	Match_Count	Percentage_Similarity
uuuu1243	U	Austroasiatic	Eurasia	139	133	117	87.97
berb1259	Berbice Creole Dutch	Indo-European	South America	170	156	136	87.18
sana1297	San Andres Creole English	Indo-European	North America	168	155	134	86.45
beli1260	Belize Kriol English	Indo-European	North America	130	124	107	86.29
hala1252	Halang	Austroasiatic	Eurasia	82	78	67	85.9
bube1242	Bube	Atlantic-Congo	Africa	135	126	108	85.71
homa1239	Homa	Atlantic-Congo	Africa	14	14	12	85.71
jama1262	Jamaican Creole English	Indo-European	North America	157	145	124	85.52
piji1239	Pijin	Indo-European	Papunesia	154	145	124	85.52
fonn1241	Fon	Atlantic-Congo	Africa	189	178	152	85.39
limo1249	Limonese Creole	Indo-European	North America	143	134	114	85.07
sout2741	Southern Dong	Tai-Kadai	Eurasia	96	92	78	84.78
ajab1235	Aja (Benin)	Atlantic-Congo	Africa	173	163	138	84.66
uppe1427	Upper Kinabatangan	Austronesian	Papunesia	116	109	92	84.4
juku1254	Jukun Takum	Atlantic-Congo	Africa	187	173	146	84.39
nupe1254	Nupe-Nupe-Tako	Atlantic-Congo	Africa	159	150	126	84
nyah1249	Nyaheun	Austroasiatic	Eurasia	57	56	47	83.93
nica1252	Nicaragua Creole English	Indo-European	North America	157	147	123	83.67
kimm1246	Kim	Atlantic-Congo	Africa	129	121	101	83.47
arig1246	Arigidi	Atlantic-Congo	Africa	142	136	113	83.09
yako1252	Yakoma	Atlantic-Congo	Africa	143	136	113	83.09
mund1326	Mündü	Atlantic-Congo	Africa	120	112	93	83.04
kare1338	Kare (Central African Republic)	Atlantic-Congo	Africa	158	147	122	82.99
east2563	Eastern Cham	Austronesian	Eurasia	92	88	73	82.95
west2396	Western Lawa	Austroasiatic	Eurasia	190	176	146	82.95
alor1247	Alorese	Austronesian	Papunesia	168	158	131	82.91
sapu1248	Sapuan	Austroasiatic	Eurasia	152	145	120	82.76
jehh1245	Jeh	Austroasiatic	Eurasia	139	127	105	82.68
zaye1235	Lahta-Zayein Karen	Sino-Tibetan	Eurasia	193	179	148	82.68
tokp1240	Tok Pisin	Indo-European	Papunesia	184	172	142	82.56
yinc1238	Yinchia	Austroasiatic	Eurasia	65	63	52	82.54
rade1240	Rade	Austronesian	Eurasia	167	154	127	82.47
hung1275	Hung	Austroasiatic	Eurasia	142	136	112	82.35
ndog1248	Ndogo	Atlantic-Congo	Africa	177	164	135	82.32
maon1241	Maonan	Tai-Kadai	Eurasia	94	90	74	82.22
west2650	Western Cham	Austronesian	Eurasia	151	145	119	82.07
kens1248	Kensiu	Austroasiatic	Eurasia	164	156	128	82.05
haro1237	Haroi	Austronesian	Eurasia	95	89	73	82.02
oldk1249	Old Khmer	Austroasiatic	Eurasia	147	139	114	82.01
remb1250	Rembong-Wangka	Austronesian	Papunesia	159	150	123	82
phai1238	Prai	Austroasiatic	Eurasia	186	172	141	81.98
hler1235	Hlersu	Sino-Tibetan	Eurasia	74	72	59	81.94
bisl1239	Bislama	Indo-European	Papunesia	185	171	140	81.87
mamb1306	Mambae	Austronesian	Papunesia	169	154	126	81.82
esan1238	Esan	Atlantic-Congo	Africa	123	115	94	81.74
east2332	Eastern Bru	Austroasiatic	Eurasia	134	130	106	81.54
aoua1234	A'ou	Tai-Kadai	Eurasia	187	173	141	81.5
huuu1240	Hu	Austroasiatic	Eurasia	175	162	132	81.48
shee1238	She	Hmong-Mien	Eurasia	162	151	123	81.46
baha1260	Bahamas Creole English	Indo-European	North America	103	97	79	81.44
laoo1244	Lao	Tai-Kadai	Eurasia	99	97	79	81.44
east1236	Eastern Katu	Austroasiatic	Eurasia	106	102	83	81.37
kute1248	Kutep	Atlantic-Congo	Africa	163	150	122	81.33
hlai1239	Hlai	Tai-Kadai	Eurasia	99	96	78	81.25
qaua1234	Central Gelao-Qau	Tai-Kadai	Eurasia	99	96	78	81.25
east2485	Eastern Penan	Austronesian	Papunesia	147	133	108	81.2
sici1249	Sìcìté Sénoufo	Atlantic-Congo	Africa	143	133	108	81.2
mokl1243	Moklen	Austronesian	Eurasia	181	169	137	81.07
humb1243	Humburi Senni Songhay	Songhay	Africa	167	153	124	81.05
ukaa1243	Ukaan	Atlantic-Congo	Africa	46	42	34	80.95
keoo1238	Kéo	Austronesian	Papunesia	187	173	140	80.92
leme1238	Lemerig	Austronesian	Papunesia	164	157	127	80.89
mang1378	Mang	Austroasiatic	Eurasia	158	151	122	80.79
biat1246	Biatah Bidayuh	Austronesian	Papunesia	137	130	105	80.77
rere1240	Rerep	Austronesian	Papunesia	147	135	109	80.74
bouy1240	Bouyei	Tai-Kadai	Eurasia	95	93	75	80.65
aito1238	Aiton	Tai-Kadai	Eurasia	102	98	79	80.61
east2342	Eastern Kayah	Sino-Tibetan	Eurasia	189	175	141	80.57
torr1261	Torres Strait-Lockhart River Creole	Indo-European	Australia	190	175	141	80.57
lach1248	Lachi	Tai-Kadai	Eurasia	167	159	128	80.5
yong1276	Yongbei Zhuang	Tai-Kadai	Eurasia	101	97	78	80.41
moke1242	Moken	Austronesian	Eurasia	171	158	127	80.38
youn1235	Younuo Bunu	Hmong-Mien	Eurasia	193	178	143	80.34
lave1248	Laven	Austroasiatic	Eurasia	180	167	134	80.24
coco1260	Cocos Islands Malay	Austronesian	Papunesia	88	86	69	80.23
iumi1238	Iu Mien	Hmong-Mien	Eurasia	165	156	125	80.13
mlab1235	Mlabri	Austroasiatic	Eurasia	182	171	137	80.12
abun1252	Abun		Papunesia	195	180	144	80
mmen1238	Mmen	Atlantic-Congo	Africa	10	10	8	80
saba1263	Sabah Malay	Austronesian	Papunesia	182	170	136	80
east2330	Eastern Lawa	Austroasiatic	Eurasia	194	179	143	79.89
east2447	East Futuna	Austronesian	Papunesia	187	174	139	79.89
iban1264	Iban	Austronesian	Papunesia	188	174	139	79.89
biao1253	Shidong Biao	Tai-Kadai	Eurasia	175	164	131	79.88
nali1244	Nalik	Austronesian	Papunesia	174	164	131	79.88
ruma1248	Rumai Palaung	Austroasiatic	Eurasia	182	169	135	79.88
bekw1241	Bekwarra	Atlantic-Congo	Africa	157	149	119	79.87
geba1237	Geba Karen	Sino-Tibetan	Eurasia	193	178	142	79.78
dagb1246	Dagbani	Atlantic-Congo	Africa	177	168	134	79.76
guru1271	Guruntum-Mbaaru	Afro-Asiatic	Africa	181	168	134	79.76
tond1249	Tondi Songway Kiini	Songhay	Africa	172	158	126	79.75
tera1251	Tera	Afro-Asiatic	Africa	152	143	114	79.72
kuyy1240	Kuy	Austroasiatic	Eurasia	174	162	129	79.63
azha1235	Azha	Sino-Tibetan	Eurasia	151	142	113	79.58
waim1252	Waima'a	Austronesian	Papunesia	144	137	109	79.56
ambo1250	Ambonese Malay	Austronesian	Papunesia	185	171	136	79.53
khas1269	Khasi	Austroasiatic	Eurasia	180	166	132	79.52
ahom1240	Ahom	Tai-Kadai	Eurasia	178	170	135	79.41
sooo1254	Sô	Austroasiatic	Eurasia	176	165	131	79.39
bekw1242	Bekwil	Atlantic-Congo	Africa	100	97	77	79.38
dumb1241	Dumbea	Austronesian	Papunesia	173	160	127	79.38
phak1238	Phake	Tai-Kadai	Eurasia	101	97	77	79.38
reng1252	Rengao	Austroasiatic	Eurasia	172	160	127	79.38
thai1261	Thai	Tai-Kadai	Eurasia	101	97	77	79.38
cari1276	Caribbean Javanese	Austronesian	South America	97	92	73	79.35
blan1242	Blang	Austroasiatic	Eurasia	159	150	119	79.33
hyam1245	Hyam	Atlantic-Congo	Africa	93	87	69	79.31
paco1243	Pacoh	Austroasiatic	Eurasia	188	174	138	79.31
mbay1241	Mbay	Central Sudanic	Africa	173	159	126	79.25
oldm1242	Old Mon	Austroasiatic	Eurasia	171	159	126	79.25
noku1237	Nokuku	Austronesian	Papunesia	156	149	118	79.19
samb1305	Samba Leko	Atlantic-Congo	Africa	172	163	129	79.14
boly1239	Bolyu	Austroasiatic	Eurasia	166	158	125	79.11
bitt1240	Bit	Austroasiatic	Eurasia	153	148	117	79.05
mban1263	Mbandja	Atlantic-Congo	Africa	162	148	117	79.05
nort2994	Northern Roglai	Austronesian	Eurasia	90	81	64	79.01
hakk1236	Hakka Chinese	Sino-Tibetan	Eurasia	143	138	109	78.99
caom1238	Cao Miao	Tai-Kadai	Eurasia	183	171	135	78.95
meta1238	Meta'	Atlantic-Congo	Africa	159	152	120	78.95
paas1238	Paasaal	Atlantic-Congo	Africa	186	171	135	78.95
pahn1237	Pa-Hng	Hmong-Mien	Eurasia	194	180	142	78.89
koyr1240	Koyra Chiini Songhay	Songhay	Africa	169	156	123	78.85
naue1237	Nauete	Austronesian	Papunesia	183	170	134	78.82
seda1262	Sedang	Austroasiatic	Eurasia	178	165	130	78.79
nuuu1241	N||ng-Danster !Ui	Tuu	Africa	160	146	115	78.77
biao1256	Biao Mon	Hmong-Mien	Eurasia	189	174	137	78.74
hani1248	Hani	Sino-Tibetan	Eurasia	186	174	137	78.74
aheu1239	Thavung	Austroasiatic	Eurasia	192	178	140	78.65
dzao1238	Dzao Min	Hmong-Mien	Eurasia	193	178	140	78.65
lave1249	Brao	Austroasiatic	Eurasia	122	117	92	78.63
nort2839	North Ambrym	Austronesian	Papunesia	174	159	125	78.62
tigo1236	Tigon Mbembe	Atlantic-Congo	Africa	173	159	125	78.62
beli1257	Beli (South Sudan)	Central Sudanic	Africa	133	126	99	78.57
khmu1256	Khmu	Austroasiatic	Eurasia	167	158	124	78.48
anut1237	Anuta	Austronesian	Papunesia	153	144	113	78.47
suda1237	South Sudanese Creole Arabic	Afro-Asiatic	Africa	151	144	113	78.47
amar1272	Amara	Austronesian	Papunesia	148	139	109	78.42
ngas1240	Ngas	Afro-Asiatic	Africa	176	162	127	78.4
dyul1238	Dyula	Mande	Africa	157	148	116	78.38
cori1240	Cori	Atlantic-Congo	Africa	139	134	105	78.36
tsat1238	Tsat	Austronesian	Eurasia	183	171	134	78.36
geru1240	Geruma	Afro-Asiatic	Africa	66	60	47	78.33
nort2747	Northern Qiandong Miao	Hmong-Mien	Eurasia	194	180	141	78.33
stan1306	Standard Malay	Austronesian	Eurasia	190	175	137	78.29
mund1328	Mundabli-Mufu	Atlantic-Congo	Africa	184	170	133	78.24
ruch1235	Ruching Palaung	Austroasiatic	Eurasia	184	170	133	78.24
tane1237	Tanema	Austronesian	Papunesia	154	147	115	78.23
west2397	Western Bru	Austroasiatic	Eurasia	157	147	115	78.23
sema1266	Semai	Austroasiatic	Eurasia	141	133	104	78.2
viet1252	Vietnamese	Austroasiatic	Eurasia	140	133	104	78.2
gebe1237	Gebe	Austronesian	Papunesia	129	119	93	78.15
huaa1248	East Taa	Tuu	Africa	164	151	118	78.15
kweg1241	Kwegu	Surmic	Africa	162	151	118	78.15
tang1347	Movono	Austronesian	Papunesia	159	151	118	78.15
keme1240	Kemezung	Atlantic-Congo	Africa	135	128	100	78.12
mara1399	Maragus	Austronesian	Papunesia	174	160	125	78.12
biha1246	Bih	Austronesian	Eurasia	182	169	132	78.11
koho1244	Koho	Austroasiatic	Eurasia	182	169	132	78.11
bara1370	Baram Kayan	Austronesian	Papunesia	143	137	107	78.1
beka1241	Riuk Bekati'	Austronesian	Papunesia	179	164	128	78.05
cent2314	Central Chong	Austroasiatic	Eurasia	187	173	135	78.03
biao1254	Biao-Jiao Mien	Hmong-Mien	Eurasia	191	177	138	77.97
mans1260	Mansim	Hatam-Mansim	Papunesia	71	68	53	77.94
bulo1242	Bulo Stieng	Austroasiatic	Eurasia	185	172	134	77.91
dusn1237	Dusner	Austronesian	Papunesia	186	172	134	77.91
monn1252	Mon	Austroasiatic	Eurasia	91	86	67	77.91
mpur1239	Mpur		Papunesia	185	172	134	77.91
oldm1243	Old Malay	Austronesian	Papunesia	119	113	88	77.88
kolc1235	Kol (Cameroon)	Atlantic-Congo	Africa	170	158	123	77.85
taku1257	Takuu	Austronesian	Papunesia	168	158	123	77.85
goro1270	Gorowa	Afro-Asiatic	Africa	13	9	7	77.78
japa1238	Japanese Sign Language	Sign Language	Eurasia	10	9	7	77.78
mota1237	Mota	Austronesian	Papunesia	107	99	77	77.78
qaqe1238	Qaqet	Baining	Papunesia	55	54	42	77.78
sout2730	Southern Bai	Sino-Tibetan	Eurasia	161	153	119	77.78
kats1235	Katso	Sino-Tibetan	Eurasia	186	175	136	77.71
ncan1245	Ncane-Mungong	Atlantic-Congo	Africa	131	121	94	77.69
ugon1239	Ugong	Sino-Tibetan	Eurasia	133	125	97	77.6
kimm1245	Kim Mun	Hmong-Mien	Eurasia	188	174	135	77.59
lewo1244	Lewotobi	Austronesian	Papunesia	189	174	135	77.59
moki1238	Mokilese	Austronesian	Papunesia	171	156	121	77.56
nege1240	Negeri Sembilan Malay	Austronesian	Eurasia	139	129	100	77.52
nawu1242	Nawuri	Atlantic-Congo	Africa	182	169	131	77.51
abee1242	Abé	Atlantic-Congo	Africa	142	133	103	77.44
nort3047	North Giziga	Afro-Asiatic	Africa	176	164	127	77.44
pate1247	Patep	Austronesian	Papunesia	142	133	103	77.44
tali1259	Talise	Austronesian	Papunesia	142	133	103	77.44
buka1257	Bukar-Sadung Bidayuh	Austronesian	Papunesia	132	124	96	77.42
iwai1244	Iwaidja	Iwaidjan Proper	Australia	66	62	48	77.42
koon1245	Koonzime	Atlantic-Congo	Africa	133	124	96	77.42
jara1266	Jarai	Austronesian	Eurasia	156	146	113	77.4
papu1250	Papuan Malay	Austronesian	Papunesia	191	177	137	77.4
sara1340	Saramaccan	Indo-European	South America	183	168	130	77.38
lara1260	Larantuka Malay	Austronesian	Papunesia	169	159	123	77.36
makc1235	Mak (China)	Tai-Kadai	Eurasia	171	159	123	77.36
nort2775	Northwest Gbaya	Atlantic-Congo	Africa	135	128	99	77.34
waro1242	Waropen	Austronesian	Papunesia	137	128	99	77.34
bang1363	Bangime		Africa	127	119	92	77.31
tief1242	Tiefo-Daramandugu	Atlantic-Congo	Africa	177	163	126	77.3
anuf1239	Anufo	Atlantic-Congo	Africa	162	154	119	77.27
cent1992	Central Mnong	Austroasiatic	Eurasia	190	176	136	77.27
chak1271	Chakali	Atlantic-Congo	Africa	191	176	136	77.27
vera1241	Vera'a	Austronesian	Papunesia	191	176	136	77.27
nucl1240	Mumuye	Atlantic-Congo	Africa	170	158	122	77.22
zaca1242	Zacatepec Chatino	Otomanguean	North America	170	158	122	77.22
para1301	South Wa	Austroasiatic	Eurasia	185	171	132	77.19
sela1259	Selaru	Austronesian	Papunesia	186	171	132	77.19
beel1236	Beele	Afro-Asiatic	Africa	52	48	37	77.08
manm1238	Man Met	Austroasiatic	Eurasia	150	144	111	77.08
malg1251	Malgwa	Afro-Asiatic	Africa	171	157	121	77.07
nort2724	Northern Bai	Sino-Tibetan	Eurasia	116	109	84	77.06
bolg1251	Bolgo	Atlantic-Congo	Africa	78	74	57	77.03
gilb1244	Gilbertese	Austronesian	Papunesia	171	161	124	77.02
dhao1237	Dhao	Austronesian	Papunesia	189	174	134	77.01
litz1237	Naman	Austronesian	Papunesia	185	174	134	77.01
mina1276	Mina (Cameroon)	Afro-Asiatic	Africa	185	174	134	77.01
chon1284	Chong of Chanthaburi	Austroasiatic	Eurasia	193	178	137	76.97
nyah1250	Nyahkur	Austroasiatic	Eurasia	192	178	137	76.97
port1285	Port Sandwich	Austronesian	Papunesia	174	165	127	76.97
bini1246	Bini	Atlantic-Congo	Africa	177	169	130	76.92
chra1242	Chrau	Austroasiatic	Eurasia	166	156	120	76.92
gela1263	Gela	Austronesian	Papunesia	181	169	130	76.92
ngam1268	Ngambay	Central Sudanic	Africa	156	143	110	76.92
nubi1253	Nubi	Afro-Asiatic	Africa	168	156	120	76.92
tomb1244	Tombonuo	Austronesian	Papunesia	136	130	100	76.92
sika1261	Sikaiana	Austronesian	Papunesia	173	160	123	76.88
tiri1258	Tiri-Mea	Austronesian	Papunesia	188	173	133	76.88
idom1241	Idoma	Atlantic-Congo	Africa	144	134	103	76.87
seng1281	Sengseng	Austronesian	Papunesia	100	95	73	76.84
tetu1246	Tetun Dili	Austronesian	Papunesia	183	168	129	76.79
koyr1242	Koyraboro Senni Songhai	Songhay	Africa	168	155	119	76.77
tuml1238	Tumleo	Austronesian	Papunesia	103	99	76	76.77
ughe1237	Ughele	Austronesian	Papunesia	182	172	132	76.74
logo1259	Logo	Central Sudanic	Africa	172	159	122	76.73
samb1311	Samba Daka	Atlantic-Congo	Africa	158	146	112	76.71
buga1247	Bugan	Austroasiatic	Eurasia	190	176	135	76.7
maan1238	Ma'anyan	Austronesian	Papunesia	163	150	115	76.67
mand1415	Mandarin Chinese	Sino-Tibetan	Eurasia	195	180	138	76.67
motl1237	Mwotlap	Austronesian	Papunesia	195	180	138	76.67
mayo1261	Mayogo	Atlantic-Congo	Africa	168	154	118	76.62
urak1238	Urak Lawoi'	Austronesian	Eurasia	167	154	118	76.62
etru1241	Etruscan		Eurasia	130	124	95	76.61
isth1240	Isthmus-Cosoleacaque Nahuatl	Uto-Aztecan	North America	151	141	108	76.6
sara1321	Sara Kaba Náà	Central Sudanic	Africa	155	141	108	76.6
bahn1262	Bahnar	Austroasiatic	Eurasia	117	111	85	76.58
cent1989	Central Khmer	Austroasiatic	Eurasia	177	162	124	76.54
cosa1234	Cosao	Sino-Tibetan	Eurasia	194	179	137	76.54
gade1242	Gade	Atlantic-Congo	Africa	178	166	127	76.51
liji1238	Lijili	Atlantic-Congo	Africa	180	166	127	76.51
kaba1281	Kaba	Central Sudanic	Africa	166	153	117	76.47
moii1235	Moi (Indonesia)	West Bird's Head	Papunesia	125	119	91	76.47
nati1244	Nati	Austronesian	Papunesia	127	119	91	76.47
sapo1253	Saposa	Austronesian	Papunesia	145	136	104	76.47
tong1308	Maniq	Austroasiatic	Eurasia	163	153	117	76.47
zarm1239	Zarma	Songhay	Africa	189	174	133	76.44
mang1405	Manggarai	Austronesian	Papunesia	168	161	123	76.4
mids1243	Mid-Southern Banda	Atlantic-Congo	Africa	123	110	84	76.36
monz1249	Monzombo	Atlantic-Congo	Africa	119	114	87	76.32
baka1272	Baka (Cameroon)	Atlantic-Congo	Africa	148	135	103	76.3
adon1237	Adonara	Austronesian	Papunesia	165	156	119	76.28
masa1322	Masana	Afro-Asiatic	Africa	188	177	135	76.27
njan1240	Njanga	Atlantic-Congo	Africa	192	177	135	76.27
lele1267	Lelepa	Austronesian	Papunesia	149	139	106	76.26
naro1251	Narom	Austronesian	Papunesia	132	126	96	76.19
rovi1238	Roviana	Austronesian	Papunesia	161	151	115	76.16
buga1250	Bugawac	Austronesian	Papunesia	191	176	134	76.14
kemb1249	Mateq	Austronesian	Papunesia	195	180	137	76.11
kupa1239	Kupang Malay	Austronesian	Papunesia	168	159	121	76.1
bura1292	Bura-Pabir	Afro-Asiatic	Africa	147	138	105	76.09
labo1244	Ninde	Austronesian	Papunesia	122	117	89	76.07
tean1237	Teanu	Austronesian	Papunesia	147	142	108	76.06
emae1237	Emae	Austronesian	Papunesia	156	146	111	76.03
jurm1239	Jur Modo	Central Sudanic	Africa	159	146	111	76.03
aulu1238	Aulua	Austronesian	Papunesia	160	150	114	76
axiy1235	Axi Yi	Sino-Tibetan	Eurasia	166	154	117	75.97
cent2004	Central Bai	Sino-Tibetan	Eurasia	162	154	117	75.97
waig1244	Waigeo	Austronesian	Papunesia	176	162	123	75.93
laal1242	Laal		Africa	154	141	107	75.89
tumu1242	Tumulung Sisaala	Atlantic-Congo	Africa	95	87	66	75.86
yawa1261	Yawalapití	Arawakan	South America	58	58	44	75.86
woii1237	Woi	Austronesian	Papunesia	191	177	134	75.71
tagw1240	Tagwana Senoufo	Atlantic-Congo	Africa	115	107	81	75.7
matb1237	Matbat	Austronesian	Papunesia	154	144	109	75.69
penr1237	Māngarongaro	Austronesian	Papunesia	117	111	84	75.68
avok1242	Avokaya	Central Sudanic	Africa	122	115	87	75.65
chek1238	Cheke Holo	Austronesian	Papunesia	167	156	118	75.64
mala1481	Manado Malay	Austronesian	Papunesia	178	164	124	75.61
gobu1238	Gobu	Atlantic-Congo	Africa	141	127	96	75.59
nese1235	Nese	Austronesian	Papunesia	191	176	133	75.57
tern1247	Ternate	North Halmahera	Papunesia	190	176	133	75.57
xara1244	Xârâcùù	Austronesian	Papunesia	189	176	133	75.57
dard1243	Dar Daju Daju	Dajuic	Africa	93	90	68	75.56
lund1271	Lundayeh	Austronesian	Papunesia	141	135	102	75.56
nyam1285	Nyam	Afro-Asiatic	Africa	160	147	111	75.51
lote1237	Lote	Austronesian	Papunesia	178	163	123	75.46
lolo1259	Lolopo	Sino-Tibetan	Eurasia	186	171	129	75.44
wall1257	East Uvean	Austronesian	Papunesia	189	175	132	75.43
nzak1246	Nzakambay	Atlantic-Congo	Africa	135	126	95	75.4
lauu1247	Lau	Austronesian	Papunesia	141	130	98	75.38
kara1482	Kara (Central African Republic)	Central Sudanic	Africa	149	138	104	75.36
muso1238	Musom	Austronesian	Papunesia	150	142	107	75.35
bagi1246	Bagirmi	Central Sudanic	Africa	167	154	116	75.32
busa1253	Busa	Mande	Africa	171	158	119	75.32
enuu1235	Enu	Sino-Tibetan	Eurasia	193	178	134	75.28
anfi1235	Anfillo	Ta-Ne-Omotic	Africa	108	105	79	75.24
molo1266	Moloko	Afro-Asiatic	Africa	109	105	79	75.24
furu1242	Furu	Central Sudanic	Africa	127	121	91	75.21
dehu1237	Dehu	Austronesian	Papunesia	150	141	106	75.18
ngba1284	Ngbaka Ma'bo	Atlantic-Congo	Africa	147	137	103	75.18
teop1238	Teop	Austronesian	Papunesia	149	141	106	75.18
nort2774	Northern Ngbandi	Atlantic-Congo	Africa	159	145	109	75.17
chas1234	Chashan	Sino-Tibetan	Eurasia	169	157	118	75.16
west2430	Western Xiangxi Miao	Hmong-Mien	Eurasia	181	169	127	75.15
koro1298	Koromfé	Atlantic-Congo	Africa	191	177	133	75.14
nort2732	Northern Tujia	Sino-Tibetan	Eurasia	190	177	133	75.14
wusa1235	Wusa Nasu	Sino-Tibetan	Eurasia	192	177	133	75.14
bodo1272	Bodo (Central African Republic)	Atlantic-Congo	Africa	26	24	18	75
cuaa1241	Cua	Austroasiatic	Eurasia	8	8	6	75
gada1258	Ga'dang	Austronesian	Papunesia	70	68	51	75
jiba1237	Jiba	Atlantic-Congo	Africa	120	108	81	75
koko1269	Kokota	Austronesian	Papunesia	190	176	132	75
ngul1236	Nguluwan	Austronesian	Papunesia	56	56	42	75
nyan1301	Nyangumarta	Pama-Nyungan	Australia	68	64	48	75
oroh1237	Oroha	Austronesian	Papunesia	118	112	84	75
saya1246	Saya	Afro-Asiatic	Africa	121	112	84	75
siku1242	Sikule	Austronesian	Papunesia	140	128	96	75
tiga1245	Tigak	Austronesian	Papunesia	171	160	120	75
zapa1253	Záparo	Zaparoan	South America	144	136	102	75
vure1239	Vurës	Austronesian	Papunesia	194	179	134	74.86
mand1440	Mandara	Austronesian	Papunesia	177	167	125	74.85
pile1238	Vaeakau-Taumako	Austronesian	Papunesia	184	171	128	74.85
yaka1277	Yakan	Austronesian	Papunesia	178	167	125	74.85
warj1242	War-Jaintia	Austroasiatic	Eurasia	169	159	119	74.84
nusu1239	Nusu	Sino-Tibetan	Eurasia	151	143	107	74.83
gola1255	Gola	Atlantic-Congo	Africa	150	139	104	74.82
jahh1242	Jah Hut	Austroasiatic	Eurasia	146	139	104	74.82
vano1237	Lovono	Austronesian	Papunesia	146	139	104	74.82
anuu1241	Anu-Hkongso	Sino-Tibetan	Eurasia	190	178	133	74.72
xish1235	Xishanba Lalo	Sino-Tibetan	Eurasia	174	162	121	74.69
qawa1238	Qawasqar	Kawesqar	South America	164	154	115	74.68
zhab1238	Zhaba	Sino-Tibetan	Eurasia	146	134	100	74.63
rung1259	Rungus	Austronesian	Papunesia	137	130	97	74.62
lamo1244	Lamogai	Austronesian	Papunesia	135	126	94	74.6
naxi1245	Naxi	Sino-Tibetan	Eurasia	132	126	94	74.6
futu1245	Futuna-Aniwa	Austronesian	Papunesia	192	177	132	74.58
unua1237	Unua	Austronesian	Papunesia	192	177	132	74.58
lash1243	Lashi	Sino-Tibetan	Eurasia	188	173	129	74.57
copt1239	Coptic	Afro-Asiatic	Africa	178	165	123	74.55
kolb1240	Kolbila	Atlantic-Congo	Africa	178	165	123	74.55
cros1244	Cross River Mbembe	Atlantic-Congo	Africa	164	153	114	74.51
rotu1241	Rotuman	Austronesian	Papunesia	163	153	114	74.51
lahu1252	Lahu Shi	Sino-Tibetan	Eurasia	152	145	108	74.48
puoc1238	Ksingmul	Austroasiatic	Eurasia	94	90	67	74.44
stan1290	French	Indo-European	Eurasia	195	180	134	74.44
bafu1246	Bafut	Atlantic-Congo	Africa	190	176	131	74.43
mand1436	Mandinka	Mande	Africa	137	129	96	74.42
komo1260	Komo (Democratic Republic of Congo)	Atlantic-Congo	Africa	135	125	93	74.4
iliu1237	Ili'uun	Austronesian	Papunesia	168	156	116	74.36
sher1258	Sherbro	Atlantic-Congo	Africa	118	113	84	74.34
taga1272	Tagabawa	Austronesian	Papunesia	161	148	110	74.32
wuch1236	Wu Chinese	Sino-Tibetan	Eurasia	192	179	133	74.3
band1344	Banda-Bambari	Atlantic-Congo	Africa	176	163	121	74.23
sout2782	South Fali	Atlantic-Congo	Africa	177	163	121	74.23
jalk1242	Jalkunan	Mande	Africa	172	159	118	74.21
khan1274	Kháng	Austroasiatic	Eurasia	168	159	118	74.21
seim1238	Seimat	Austronesian	Papunesia	192	178	132	74.16
sout2895	South Nuaulu	Austronesian	Papunesia	158	147	109	74.15
west2516	West Uvean	Austronesian	Papunesia	189	174	129	74.14
west2600	West Makian	North Halmahera	Papunesia	151	143	106	74.13
irar1238	Irarutu	Austronesian	Papunesia	184	170	126	74.12
kara1486	Kara (Papua New Guinea)	Austronesian	Papunesia	177	166	123	74.1
cakf1236	Cakfem-Mushere-Jibyal	Afro-Asiatic	Africa	173	162	120	74.07
jjuu1238	Jju	Atlantic-Congo	Africa	85	81	60	74.07
kuan1248	Kuanua	Austronesian	Papunesia	174	162	120	74.07
yort1237	Yorta Yorta	Pama-Nyungan	Australia	57	54	40	74.07
bank1256	Bankon	Atlantic-Congo	Africa	78	77	57	74.03
golo1234	Golo	Atlantic-Congo	Africa	82	77	57	74.03
hote1245	Hote	Austronesian	Papunesia	162	154	114	74.03
kolu1245	Koluwawa	Austronesian	Papunesia	163	154	114	74.03
nort2828	North Moluccan Malay	Austronesian	Papunesia	164	154	114	74.03
acha1249	Longchuan Achang	Sino-Tibetan	Eurasia	191	177	131	74.01
achi1257	Acehnese	Austronesian	Papunesia	192	177	131	74.01
bugh1239	Bughotu	Austronesian	Papunesia	131	123	91	73.98
lotu1250	Lotud	Austronesian	Papunesia	132	123	91	73.98
labu1248	Labu	Austronesian	Papunesia	154	146	108	73.97
ling1265	Neverver	Austronesian	Papunesia	157	146	108	73.97
tema1239	Temascaltepec Nahuatl	Uto-Aztecan	North America	75	73	54	73.97
boka1249	Bokar-Ramo	Sino-Tibetan	Eurasia	151	142	105	73.94
tbol1240	Tboli	Austronesian	Papunesia	174	165	122	73.94
cani1243	Canichana		South America	50	46	34	73.91
stan1293	English	Indo-European	Eurasia	195	180	133	73.89
jeha1242	Jehai	Austroasiatic	Eurasia	162	153	113	73.86
nort2684	Northern Khmer	Austroasiatic	Eurasia	191	176	130	73.86
sant1451	Santa María Quiegolani Zapotec	Otomanguean	North America	160	153	113	73.86
sulk1246	Sulka		Papunesia	92	88	65	73.86
tuwu1238	Tuwuli	Atlantic-Congo	Africa	191	176	130	73.86
ngeq1245	Kriang-Khlor	Austroasiatic	Eurasia	134	130	96	73.85
baba1266	Babanki	Atlantic-Congo	Africa	159	149	110	73.83
bulu1251	Bulu (Cameroon)	Atlantic-Congo	Africa	164	149	110	73.83
surs1246	Sursurunga	Austronesian	Papunesia	159	149	110	73.83
gbay1288	Kresh-Woro	Kresh-Aja	Africa	134	126	93	73.81
salt1242	Salt-Yui	Nuclear Trans New Guinea	Papunesia	85	84	62	73.81
bang1369	Bangru	Sino-Tibetan	Eurasia	151	141	104	73.76
caac1237	Caac	Austronesian	Papunesia	151	141	104	73.76
arak1252	Araki	Austronesian	Papunesia	194	179	132	73.74
kaya1315	Kayan Lahwi	Sino-Tibetan	Eurasia	194	179	132	73.74
moco1246	Mocoví	Guaicuruan	South America	169	156	115	73.72
ngba1285	Ngbaka Minagende	Atlantic-Congo	Africa	168	156	115	73.72
tamb1254	Tambunan Dusun	Austronesian	Papunesia	145	137	101	73.72
kurr1243	Kurrama	Pama-Nyungan	Australia	161	152	112	73.68
mort1237	Mortlockese	Austronesian	Papunesia	141	133	98	73.68
ocot1244	Ocotlán Zapotec	Otomanguean	North America	97	95	70	73.68
sema1265	Semaq Beri	Austroasiatic	Eurasia	181	171	126	73.68
vinm1237	Neve'ei	Austronesian	Papunesia	143	133	98	73.68
reja1241	Rejang Kayan	Austronesian	Papunesia	140	129	95	73.64
mini1251	Minigir	Austronesian	Papunesia	178	163	120	73.62
mala1479	Colloquial Malay	Austronesian	Eurasia	153	144	106	73.61
baba1267	Baba Malay	Austronesian	Eurasia	191	178	131	73.6
blab1237	Blablanga	Austronesian	Papunesia	169	159	117	73.58
shwe1236	Shwe Palaung	Austroasiatic	Eurasia	167	159	117	73.58
rapa1244	Rapanui	Austronesian	Papunesia	163	155	114	73.55
tson1249	Tsonga	Atlantic-Congo	Africa	185	170	125	73.53
waor1240	Waorani		South America	150	136	100	73.53
bamu1253	Bamun	Atlantic-Congo	Africa	159	151	111	73.51
sini1242	Sininkere	Mande	Africa	125	117	86	73.5
kove1237	Kove	Austronesian	Papunesia	180	166	122	73.49
louu1245	Lou	Austronesian	Papunesia	176	166	122	73.49
bomk1234	Bom-Kim	Atlantic-Congo	Africa	140	132	97	73.48
basa1282	Basa (Nigeria)	Atlantic-Congo	Africa	115	113	83	73.45
buwa1243	Buwal	Afro-Asiatic	Africa	191	177	130	73.45
maru1249	Maru	Sino-Tibetan	Eurasia	191	177	130	73.45
mlah1239	Mlahsô	Afro-Asiatic	Eurasia	117	113	83	73.45
buhu1237	Buhutu	Austronesian	Papunesia	134	128	94	73.44
saba1267	Sabah Bisaya	Austronesian	Papunesia	137	128	94	73.44
ghar1239	Ghari	Austronesian	Papunesia	151	143	105	73.43
long1395	Longgu	Austronesian	Papunesia	151	143	105	73.43
maee1241	Tirax	Austronesian	Papunesia	188	173	127	73.41
wawa1246	Wawa	Atlantic-Congo	Africa	188	173	127	73.41
gaaa1244	Ga	Atlantic-Congo	Africa	133	124	91	73.39
pang1290	Pangasinan	Austronesian	Papunesia	169	154	113	73.38
sanb1241	San Baltazar Loxicha Zapotec	Otomanguean	North America	147	139	102	73.38
tsis1238	Salka-Tsishingini	Atlantic-Congo	Africa	164	154	113	73.38
tsog1243	Tsogo	Atlantic-Congo	Africa	167	154	113	73.38
sout2857	Nahavaq	Austronesian	Papunesia	180	169	124	73.37
apma1240	Apma	Austronesian	Papunesia	194	180	132	73.33
hili1240	Hiligaynon	Austronesian	Papunesia	77	75	55	73.33
kain1272	Kaingang	Nuclear-Macro-Je	South America	31	30	22	73.33
kaur1267	Kaurna	Pama-Nyungan	Australia	48	45	33	73.33
mina1268	Minangkabau	Austronesian	Papunesia	164	150	110	73.33
pang1291	Pangutaran Sama	Austronesian	Papunesia	134	120	88	73.33
papa1265	Papapana	Austronesian	Papunesia	188	176	129	73.3
mpii1239	Mpi	Sino-Tibetan	Eurasia	174	161	118	73.29
karn1252	Karnai	Austronesian	Papunesia	142	131	96	73.28
naru1238	Narungga	Pama-Nyungan	Australia	106	101	74	73.27
bann1247	Bannoni	Austronesian	Papunesia	72	71	52	73.24
kele1258	Kele (Papua New Guinea)	Austronesian	Papunesia	150	142	104	73.24
xink1235	Xinka-Jumaytepeque	Xincan	North America	150	142	104	73.24
kute1249	Kutenai		North America	132	127	93	73.23
djin1253	Djinang	Pama-Nyungan	Australia	59	56	41	73.21
renn1242	Rennell-Bellona	Austronesian	Papunesia	166	153	112	73.2
saaa1240	Sa'a	Austronesian	Papunesia	145	138	101	73.19
pela1242	Pela	Sino-Tibetan	Eurasia	194	179	131	73.18
kera1255	Kera	Afro-Asiatic	Africa	178	164	120	73.17
ewee1241	Ewe	Atlantic-Congo	Africa	162	149	109	73.15
wand1267	Wandamen	Austronesian	Papunesia	157	149	109	73.15
mang1401	Mangareva	Austronesian	Papunesia	173	160	117	73.12
bure1242	Bure	Afro-Asiatic	Africa	124	119	87	73.11
lame1260	Lamenu	Austronesian	Papunesia	126	119	87	73.11
soni1259	Soninke	Mande	Africa	127	119	87	73.11
kwar1239	Kwara'ae	Austronesian	Papunesia	186	171	125	73.1
mere1242	Merei	Austronesian	Papunesia	183	171	125	73.1
yuro1248	Yurok	Algic	North America	153	145	106	73.1
beta1252	Betawi	Austronesian	Papunesia	170	156	114	73.08
honi1244	Honi	Sino-Tibetan	Eurasia	165	156	114	73.08
iran1262	Iranun	Austronesian	Papunesia	138	130	95	73.08
sani1269	Sani	Sino-Tibetan	Eurasia	168	156	114	73.08
bala1311	Balangingi	Austronesian	Papunesia	153	141	103	73.05
bong1289	Bonggi	Austronesian	Papunesia	150	141	103	73.05
fina1242	Finallig	Austronesian	Papunesia	164	152	111	73.03
yoga1237	Yogad	Austronesian	Papunesia	192	178	130	73.03
awab1243	Awabakal	Pama-Nyungan	Australia	67	63	46	73.02
osam1235	Osamayi	Atlantic-Congo	Africa	105	100	73	73
miya1266	Miya	Afro-Asiatic	Africa	187	174	127	72.99
mual1241	Mualang	Austronesian	Papunesia	189	174	127	72.99
urip1239	Uripiv-Wala-Rano-Atchin	Austronesian	Papunesia	188	174	127	72.99
west2354	Western Frisian	Indo-European	Eurasia	187	174	127	72.99
auuu1241	Au	Nuclear Torricelli	Papunesia	159	148	108	72.97
tong1325	Tonga (Tonga Islands)	Austronesian	Papunesia	172	159	116	72.96
ajas1235	Aja (South Sudan)	Kresh-Aja	Africa	130	122	89	72.95
dana1252	Danau	Austroasiatic	Eurasia	179	170	124	72.94
quio1240	Quiotepec Chinantec	Otomanguean	North America	182	170	124	72.94
boun1243	Bouna Kulango	Atlantic-Congo	Africa	179	166	121	72.89
ulit1238	Ulithian	Austronesian	Papunesia	177	166	121	72.89
mayk1239	Maykulan	Pama-Nyungan	Australia	152	140	102	72.86
sioo1240	Sio	Austronesian	Papunesia	175	162	118	72.84
kren1239	Krenak	Nuclear-Macro-Je	South America	111	103	75	72.82
west2555	Western Bukidnon Manobo	Austronesian	Papunesia	107	103	75	72.82
zulg1242	Zulgo-Gemzek	Afro-Asiatic	Africa	133	125	91	72.8
abua1245	Abu' Arapesh	Nuclear Torricelli	Papunesia	170	158	115	72.78
area1240	'Are'are	Austronesian	Papunesia	195	180	131	72.78
axam1237	Axamb	Austronesian	Papunesia	195	180	131	72.78
pnar1238	Pnar	Austroasiatic	Eurasia	183	169	123	72.78
kamm1249	Kam	Atlantic-Congo	Africa	191	176	128	72.73
maor1246	Maori	Austronesian	Papunesia	191	176	128	72.73
mpad1242	Mpade	Afro-Asiatic	Africa	187	176	128	72.73
daka1243	Dakaka	Austronesian	Papunesia	187	172	125	72.67
mato1252	Mato	Austronesian	Papunesia	169	161	117	72.67
baka1274	Baka (South Sudan)	Central Sudanic	Africa	137	128	93	72.66
mono1270	Mono (Democratic Republic of Congo)	Atlantic-Congo	Africa	149	139	101	72.66
gura1251	Gurani	Indo-European	Eurasia	128	117	85	72.65
hoaa1235	Amkoe	Kxa	Africa	193	179	130	72.63
apin1244	Apinayé	Nuclear-Macro-Je	South America	181	168	122	72.62
bign1238	Big Nambas	Austronesian	Papunesia	181	168	122	72.62
jamb1236	Jambi Malay	Austronesian	Papunesia	181	168	122	72.62
tibe1274	Tibea	Atlantic-Congo	Africa	95	84	61	72.62
adze1240	Adzera	Austronesian	Papunesia	158	146	106	72.6
saki1247	Sakizaya	Austronesian	Papunesia	135	124	90	72.58
waja1257	Wajarri	Pama-Nyungan	Australia	65	62	45	72.58
gyel1242	Gyele	Atlantic-Congo	Africa	190	175	127	72.57
lugb1240	Lugbara	Central Sudanic	Africa	165	153	111	72.55
tang1334	Tangut	Sino-Tibetan	Eurasia	151	142	103	72.54
east2440	East Makian	Austronesian	Papunesia	95	91	66	72.53
yabe1254	Yabem	Austronesian	Papunesia	95	91	66	72.53
land1256	Landoma	Atlantic-Congo	Africa	137	131	95	72.52
abar1238	Mungbam	Atlantic-Congo	Africa	180	171	124	72.51
paaa1242	Pa'a	Afro-Asiatic	Africa	183	171	124	72.51
kwom1262	Kwoma	Sepik	Papunesia	174	160	116	72.5
malu1245	Malua Bay	Austronesian	Papunesia	173	160	116	72.5
nara1262	Nara		Africa	132	120	87	72.5
damp1237	Dampelas	Austronesian	Papunesia	159	149	108	72.48
lipo1242	Lipo	Sino-Tibetan	Eurasia	192	178	129	72.47
miju1243	Kman	Sino-Tibetan	Eurasia	192	178	129	72.47
rapa1245	Mangaia-Old Rapa	Austronesian	Papunesia	193	178	129	72.47
dani1285	Danish	Indo-European	Eurasia	182	167	121	72.46
morm1235	Mor (Mor Islands)	Austronesian	Papunesia	148	138	100	72.46
cent1990	Central Nicobarese	Austroasiatic	Eurasia	169	156	113	72.44
mang1403	Mangseng	Austronesian	Papunesia	165	156	113	72.44
pulu1242	Puluwatese	Austronesian	Papunesia	166	156	113	72.44
arib1241	Aribwatsa	Austronesian	Papunesia	121	116	84	72.41
bwat1240	Bwatoo	Austronesian	Papunesia	188	174	126	72.41
ilaa1246	Ila	Atlantic-Congo	Africa	124	116	84	72.41
mbar1260	Mbara (Chad)	Afro-Asiatic	Africa	157	145	105	72.41
aros1241	Arosi	Austronesian	Papunesia	141	134	97	72.39
west2778	Western Durango Nahuatl	Uto-Aztecan	North America	131	123	89	72.36
hawa1245	Hawaiian	Austronesian	Papunesia	181	170	123	72.35
kana1286	Kanakanavu	Austronesian	Papunesia	147	141	102	72.34
nort2877	Northern Kankanay	Austronesian	Papunesia	149	141	102	72.34
wala1266	Wala	Austronesian	Papunesia	150	141	102	72.34
yasa1242	Yasa	Atlantic-Congo	Africa	101	94	68	72.34
tetu1245	Tetum	Austronesian	Papunesia	87	83	60	72.29
vunj1238	Vunjo	Atlantic-Congo	Africa	165	155	112	72.26
wole1240	Woleaian	Austronesian	Papunesia	145	137	99	72.26
bisu1244	Bisu	Sino-Tibetan	Eurasia	187	173	125	72.25
katb1237	Avava	Austronesian	Papunesia	183	173	125	72.25
patp1243	Patpatar	Austronesian	Papunesia	187	173	125	72.25
sanm1295	San Miguel El Grande Mixtec	Otomanguean	North America	184	173	125	72.25
casi1235	Casiguran-Nagtipunan Agta	Austronesian	Papunesia	133	126	91	72.22
leng1259	Lengo	Austronesian	Papunesia	172	162	117	72.22
mada1285	Madak	Austronesian	Papunesia	176	162	117	72.22
mapo1242	Mapos Buang	Austronesian	Papunesia	173	162	117	72.22
neng1238	Nengone	Austronesian	Papunesia	169	162	117	72.22
sout2896	Eastern Atadei	Austronesian	Papunesia	116	108	78	72.22
idun1242	Iduna	Austronesian	Papunesia	179	169	122	72.19
fefe1239	Fe'fe'	Atlantic-Congo	Africa	142	133	96	72.18
tang1348	Tangga	Austronesian	Papunesia	140	133	96	72.18
kwai1243	Kwaio	Austronesian	Papunesia	191	176	127	72.16
malo1243	Tamambo	Austronesian	Papunesia	189	176	127	72.16
gaan1243	Ga'anda	Afro-Asiatic	Africa	140	129	93	72.09
kima1246	Kimaama	Kolopom	Papunesia	92	86	62	72.09
maja1242	Majang	Surmic	Africa	163	154	111	72.08
lule1238	Lule		South America	146	136	98	72.06
tido1248	Tidore	North Halmahera	Papunesia	96	93	67	72.04
maza1304	Mazagway	Afro-Asiatic	Africa	182	168	121	72.02
cent2100	Central Dusun	Austronesian	Papunesia	138	125	90	72
maib1239	Maybrat-Karon		Papunesia	174	164	118	71.95
icel1247	Icelandic	Indo-European	Eurasia	184	171	123	71.93
tief1244	Tiefo-Nyafogo-Numudara	Atlantic-Congo	Africa	186	171	123	71.93
tolo1255	Tolomako	Austronesian	Papunesia	120	114	82	71.93
bola1250	Bola	Austronesian	Papunesia	193	178	128	71.91
toab1237	To'abaita	Austronesian	Papunesia	193	178	128	71.91
hebr1245	Modern Hebrew	Afro-Asiatic	Eurasia	167	153	110	71.9
orow1242	Orowe	Austronesian	Papunesia	160	153	110	71.9
gese1240	Geser-Gorom	Austronesian	Papunesia	69	64	46	71.88
siam1242	Siamou		Africa	134	128	92	71.88
phon1246	Phong-Kniang	Austroasiatic	Eurasia	74	71	51	71.83
xinc1243	Xinca-Yupiltepeque	Xincan	North America	154	142	102	71.83
budz1238	Budza	Atlantic-Congo	Africa	166	156	112	71.79
mend1266	Mende (Sierra Leone)	Mande	Africa	80	78	56	71.79
west2564	West Berawan	Austronesian	Papunesia	83	78	56	71.79
huas1242	Huastec	Mayan	North America	176	163	117	71.78
hata1243	Hatam	Hatam-Mansim	Papunesia	96	92	66	71.74
agut1237	Agutaynen	Austronesian	Papunesia	161	152	109	71.71
baro1253	Barok	Austronesian	Papunesia	165	152	109	71.71
term1237	Termanu	Austronesian	Papunesia	172	159	114	71.7
touo1238	Touo		Papunesia	109	106	76	71.7
musg1254	Musgu	Afro-Asiatic	Africa	118	113	81	71.68
gaaa1245	Gaa	Atlantic-Congo	Africa	79	74	53	71.62
mask1242	Maskelynes	Austronesian	Papunesia	157	148	106	71.62
guny1241	Gunya	Pama-Nyungan	Australia	177	162	116	71.6
quer1236	Querétaro Otomi	Otomanguean	North America	184	169	121	71.6
swed1254	Swedish	Indo-European	Eurasia	182	169	121	71.6
tahi1242	Tahitian	Austronesian	Papunesia	188	176	126	71.59
bugu1246	Bugun	Sino-Tibetan	Eurasia	101	95	68	71.58
kris1246	I'saka	Sko	Papunesia	99	95	68	71.58
mamb1296	Mambwe-Lungu	Atlantic-Congo	Africa	141	130	93	71.54
mouk1239	Mouk-Aria	Austronesian	Papunesia	139	130	93	71.54
ajie1238	Ajië	Austronesian	Papunesia	149	144	103	71.53
baki1244	Baki	Austronesian	Papunesia	152	144	103	71.53
marg1253	Margany	Pama-Nyungan	Australia	144	137	98	71.53
akha1245	Akha	Sino-Tibetan	Eurasia	159	151	108	71.52
koys1242	Koy Sanjaq Jewish Neo-Aramaic	Afro-Asiatic	Eurasia	169	158	113	71.52
sgaw1245	S'gaw Karen	Sino-Tibetan	Eurasia	161	151	108	71.52
tiko1237	Tikopia	Austronesian	Papunesia	159	151	108	71.52
tung1290	Tungag	Austronesian	Papunesia	178	165	118	71.52
tuva1244	Tuvalu	Austronesian	Papunesia	179	165	118	71.52
urav1235	Ura (Vanuatu)	Austronesian	Papunesia	169	158	113	71.52
bant1288	Bantoanon	Austronesian	Papunesia	124	119	85	71.43
daww1239	Dâw	Naduhup	South America	89	84	60	71.43
east2333	Eastern Mnong	Austroasiatic	Eurasia	36	35	25	71.43
east2443	East Ambae	Austronesian	Papunesia	182	168	120	71.43
finn1310	Finnish Sign Language	Sign Language	Eurasia	16	14	10	71.43
keri1250	Kerinci	Austronesian	Papunesia	127	119	85	71.43
lafo1243	Lafofa		Africa	68	63	45	71.43
mara1382	Mara Chin	Sino-Tibetan	Eurasia	160	147	105	71.43
mund1325	Mundang	Atlantic-Congo	Africa	190	175	125	71.43
shil1265	Shilluk	Nilotic	Africa	182	168	120	71.43
sisi1250	Sisiqa	Austronesian	Papunesia	71	70	50	71.43
yala1266	Yalahatan-Haruru-Awaiya	Austronesian	Papunesia	51	49	35	71.43
gayo1244	Gayo	Austronesian	Papunesia	193	178	127	71.35
loni1238	Loniu	Austronesian	Papunesia	185	171	122	71.35
lush1249	Mizo	Sino-Tibetan	Eurasia	182	171	122	71.35
mwag1236	Mwaghavul	Afro-Asiatic	Africa	192	178	127	71.35
samo1305	Samoan	Austronesian	Papunesia	193	178	127	71.35
tutu1241	Tutuba	Austronesian	Papunesia	184	171	122	71.35
wari1268	Wari'	Chapacuran	South America	184	171	122	71.35
noon1243	Noone	Atlantic-Congo	Africa	172	164	117	71.34
lamb1273	Lamboya	Austronesian	Papunesia	139	129	92	71.32
mbaa1245	Mba	Atlantic-Congo	Africa	137	129	92	71.32
iqui1243	Iquito	Zaparoan	South America	116	108	77	71.3
dege1246	Degema	Atlantic-Congo	Africa	189	174	124	71.26
cent2050	Central Kanuri	Saharan	Africa	173	160	114	71.25
elmo1238	El Molo	Afro-Asiatic	Africa	171	160	114	71.25
buta1242	Butam	Taulil-Butam	Papunesia	76	73	52	71.23
lish1245	Lishanid Noshan	Afro-Asiatic	Eurasia	177	163	116	71.17
tita1241	Titan	Austronesian	Papunesia	173	163	116	71.17
tugu1245	Tugun	Austronesian	Papunesia	168	156	111	71.15
supy1237	Supyire Senoufo	Atlantic-Congo	Africa	195	180	128	71.11
nucl1417	Igbo	Atlantic-Congo	Africa	188	173	123	71.1
java1254	Javanese	Austronesian	Papunesia	84	83	59	71.08
nort2845	North Marquesan	Austronesian	Papunesia	178	166	118	71.08
east2556	Eastern Highland Otomi	Otomanguean	North America	164	152	108	71.05
maka1304	Makaa	Atlantic-Congo	Africa	159	145	103	71.03
sata1237	Satawalese	Austronesian	Papunesia	140	131	93	70.99
taba1263	Tabaru	North Halmahera	Papunesia	176	162	115	70.99
karo1304	Karok		North America	164	155	110	70.97
isna1241	Isnag	Austronesian	Papunesia	163	148	105	70.95
keng1240	Kenga	Central Sudanic	Africa	124	117	83	70.94
mang1404	Mangga Buang	Austronesian	Papunesia	125	117	83	70.94
tang1373	Tangwang	Sino-Tibetan	Eurasia	150	141	100	70.92
mamm1241	Mam	Mayan	North America	179	165	117	70.91
lihi1237	Lihir	Austronesian	Papunesia	143	134	95	70.9
dupa1235	Dupaninan Agta	Austronesian	Papunesia	164	151	107	70.86
erzy1239	Erzya	Uralic	Eurasia	190	175	124	70.86
keda1252	Kedang	Austronesian	Papunesia	162	151	107	70.86
biak1248	Biak	Austronesian	Papunesia	100	96	68	70.83
buna1276	Bunama	Austronesian	Papunesia	125	120	85	70.83
lahu1253	Lahu	Sino-Tibetan	Eurasia	175	168	119	70.83
mara1404	Maranao	Austronesian	Papunesia	128	120	85	70.83
raro1241	Southern Cook Island Maori	Austronesian	Papunesia	173	161	114	70.81
sabu1255	Hawu	Austronesian	Papunesia	172	161	114	70.81
tang1336	East-Central Tangkhul Naga	Sino-Tibetan	Eurasia	170	161	114	70.81
baim1244	Baima	Sino-Tibetan	Eurasia	193	178	126	70.79
khan1277	Southern Tangkhul Naga	Sino-Tibetan	Eurasia	165	154	109	70.78
west2548	West Damar	Austronesian	Papunesia	163	154	109	70.78
obok1239	Obokuitai	Lakes Plain	Papunesia	157	147	104	70.75
pura1257	Purari		Papunesia	158	147	104	70.75
cebu1242	Cebuano	Austronesian	Papunesia	84	82	58	70.73
hoav1238	Hoava	Austronesian	Papunesia	176	164	116	70.73
iama1237	Iamalele	Austronesian	Papunesia	107	99	70	70.71
sich1238	Sichuan Yi	Sino-Tibetan	Eurasia	189	174	123	70.69
west2644	Western Highland Chatino	Otomanguean	North America	188	174	123	70.69
chad1249	Chadian Arabic	Afro-Asiatic	Africa	146	133	94	70.68
lama1277	Lamaholot	Austronesian	Papunesia	182	167	118	70.66
sons1242	Sonsorol	Austronesian	Papunesia	181	167	118	70.66
indo1316	Indonesian	Austronesian	Papunesia	96	92	65	70.65
kama1367	Kamasau	Nuclear Torricelli	Papunesia	94	92	65	70.65
high1278	Highland Puebla Nahuatl	Uto-Aztecan	North America	132	126	89	70.63
mafe1237	Mafea	Austronesian	Papunesia	134	126	89	70.63
wuvu1239	Wuvulu-Aua	Austronesian	Papunesia	151	143	101	70.63
zenz1235	Zenzontepec Chatino	Otomanguean	North America	134	126	89	70.63
boto1242	Botolan Sambal	Austronesian	Papunesia	175	160	113	70.62
mana1288	Manange	Sino-Tibetan	Eurasia	191	177	125	70.62
masb1238	Masbatenyo	Austronesian	Papunesia	172	160	113	70.62
cent2058	Central Maewo	Austronesian	Papunesia	110	102	72	70.59
gugu1255	Guugu Yimidhirr	Pama-Nyungan	Australia	72	68	48	70.59
pala1344	Palauan	Austronesian	Papunesia	184	170	120	70.59
siar1238	Siar-Lak	Austronesian	Papunesia	87	85	60	70.59
esto1258	Estonian	Uralic	Eurasia	195	180	127	70.56
moks1248	Moksha	Uralic	Eurasia	195	180	127	70.56
sout2918	Southern Sama	Austronesian	Papunesia	159	146	103	70.55
zaiw1241	Zaiwa	Sino-Tibetan	Eurasia	174	163	115	70.55
tilu1238	Tilung	Sino-Tibetan	Eurasia	101	95	67	70.53
kosr1238	Kosraean	Austronesian	Papunesia	188	173	122	70.52
ghan1242	Ghanongga	Austronesian	Papunesia	166	156	110	70.51
mari1426	Sunwadia	Austronesian	Papunesia	167	156	110	70.51
tega1236	Tegali	Rashad	Africa	82	78	55	70.51
warr1255	Warrgamay	Pama-Nyungan	Australia	80	78	55	70.51
mars1254	Marshallese	Austronesian	Papunesia	152	139	98	70.5
avat1244	Avatime	Atlantic-Congo	Africa	130	122	86	70.49
coah1252	Coahuilteco		North America	129	122	86	70.49
aghe1239	Aghem	Atlantic-Congo	Africa	180	166	117	70.48
lamk1238	Lamkang	Sino-Tibetan	Eurasia	175	166	117	70.48
arop1243	Arop-Lokep	Austronesian	Papunesia	161	149	105	70.47
yong1270	Narua	Sino-Tibetan	Eurasia	160	149	105	70.47
kana1288	Kanasi	Dagan	Papunesia	92	88	62	70.45
niue1239	Niuean	Austronesian	Papunesia	137	132	93	70.45
lowl1260	Lowland Oaxaca Chontal	Tequistlatecan	North America	173	159	112	70.44
ware1253	Warembori	Austronesian	Papunesia	170	159	112	70.44
lowe1427	Lower Chehalis	Salishan	North America	148	142	100	70.42
hano1246	Hano	Austronesian	Papunesia	183	169	119	70.41
saka1291	West Malagasy Sakalava	Austronesian	Africa	137	125	88	70.4
tara1313	Tarao	Sino-Tibetan	Eurasia	166	152	107	70.39
phoe1239	Phoenician	Afro-Asiatic	Eurasia	153	145	102	70.34
puni1241	Punic	Afro-Asiatic	Africa	153	145	102	70.34
cent2090	Central Tagbanwa	Austronesian	Papunesia	166	155	109	70.32
kafa1242	Kafa	Ta-Ne-Omotic	Africa	167	155	109	70.32
sali1253	Salinan		North America	141	128	90	70.31
kusa1251	Kusaghe-Njela	Austronesian	Papunesia	177	165	116	70.3
mokp1239	Mokpwe	Atlantic-Congo	Africa	180	165	116	70.3
nopa1235	Nopala Chatino	Otomanguean	North America	179	165	116	70.3
teke1275	Latege	Atlantic-Congo	Africa	180	165	116	70.3
baba1264	Baba	Atlantic-Congo	Africa	147	138	97	70.29
mama1275	Mamanwa	Austronesian	Papunesia	149	138	97	70.29
temo1245	Temoaya Otomi	Otomanguean	North America	146	138	97	70.29
yulu1243	Yulu-Binga	Central Sudanic	Africa	149	138	97	70.29
bawm1236	Bawm Chin	Sino-Tibetan	Eurasia	160	148	104	70.27
lagw1237	Lagwan	Afro-Asiatic	Africa	164	158	111	70.25
ndun1249	Ndunga	Atlantic-Congo	Africa	127	121	85	70.25
pume1238	Pumé		South America	137	131	92	70.23
huba1236	Huba	Afro-Asiatic	Africa	151	141	99	70.21
sasa1249	Sasak	Austronesian	Papunesia	150	141	99	70.21
fare1241	Farefare	Atlantic-Congo	Africa	174	161	113	70.19
anei1239	Aneityum	Austronesian	Papunesia	180	171	120	70.18
para1302	Para Naga	Sino-Tibetan	Eurasia	157	144	101	70.14
toto1302	Toto	Sino-Tibetan	Eurasia	155	144	101	70.14
zaba1237	Zabana	Austronesian	Papunesia	163	154	108	70.13
nucl1460	Madurese	Austronesian	Papunesia	91	87	61	70.11
ludi1246	Ludian	Uralic	Eurasia	192	177	124	70.06
bara1361	Barambu	Atlantic-Congo	Africa	128	120	84	70
ines1240	Ineseño	Chumashan	North America	173	160	112	70
loka1252	Lokaa	Atlantic-Congo	Africa	162	150	105	70
sout2674	South Saami	Uralic	Eurasia	195	180	126	70
xinc1246	Xinca-Guazacapan	Xincan	North America	164	150	105	70
sanj1284	Western Tlacolula Valley Zapotec	Otomanguean	North America	152	143	100	69.93
tiru1241	Tiruray	Austronesian	Papunesia	145	133	93	69.92
kara1499	Kalamang	West Bomberai	Papunesia	99	93	65	69.89
amas1236	Ama (Sudan)	Nyimang	Africa	166	156	109	69.87
atam1240	Ata Manobo	Austronesian	Papunesia	160	146	102	69.86
gala1264	Galambu	Afro-Asiatic	Africa	79	73	51	69.86
ofay1240	Ofayé	Nuclear-Macro-Je	South America	160	146	102	69.86
west2763	Western Neo-Aramaic	Afro-Asiatic	Eurasia	149	136	95	69.85
carn1240	Car Nicobarese	Austroasiatic	Eurasia	184	169	118	69.82
iray1237	Iraya	Austronesian	Papunesia	113	106	74	69.81
leti1246	Leti (Indonesia)	Austronesian	Papunesia	172	159	111	69.81
magd1235	Magdalena Peñasco Mixtec	Otomanguean	North America	173	159	111	69.81
mera1242	Meramera	Austronesian	Papunesia	54	53	37	69.81
noma1260	Nomaande	Atlantic-Congo	Africa	118	106	74	69.81
pima1248	Pima Bajo	Uto-Aztecan	North America	163	149	104	69.8
tswa1255	Tswa	Atlantic-Congo	Africa	162	149	104	69.8
asut1235	Asu (Tanzania)	Atlantic-Congo	Africa	140	129	90	69.77
lang1324	Lango (Uganda)	Nilotic	Africa	90	86	60	69.77
moba1244	Moba	Atlantic-Congo	Africa	185	172	120	69.77
cane1242	Canela-Krahô	Nuclear-Macro-Je	South America	173	162	113	69.75
cata1286	Catawba	Siouan	North America	125	119	83	69.75
hone1235	Hõne	Atlantic-Congo	Africa	177	162	113	69.75
tuge1241	Tugen	Nilotic	Africa	126	119	83	69.75
arik1265	Arikapú	Nuclear-Macro-Je	South America	79	76	53	69.74
mara1386	Maranunggu	Western Daly	Australia	173	165	115	69.7
voti1245	Votic	Uralic	Eurasia	169	155	108	69.68
kawi1241	Kawi	Austronesian	Papunesia	128	122	85	69.67
saar1237	Saaroa	Austronesian	Papunesia	192	178	124	69.66
dizi1235	Dizin	Dizoid	Africa	57	56	39	69.64
lush1252	Northern Lushootseed	Salishan	North America	182	168	117	69.64
lusi1240	Lusi	Austronesian	Papunesia	144	135	94	69.63
khez1235	Khezha Naga	Sino-Tibetan	Eurasia	172	158	110	69.62
basa1287	Basay	Austronesian	Papunesia	106	102	71	69.61
adan1251	Adang	Timor-Alor-Pantar	Papunesia	184	171	119	69.59
moch1257	Mocho	Mayan	North America	163	148	103	69.59
niua1240	Niuafo'ou	Austronesian	Papunesia	182	171	119	69.59
urim1252	Urim	Nuclear Torricelli	Papunesia	185	171	119	69.59
xinc1242	Xinca-Chiquimulilla	Xincan	North America	162	148	103	69.59
yuch1247	Yuchi		North America	175	161	112	69.57
cham1312	Chamorro	Austronesian	Papunesia	188	174	121	69.54
jina1244	Jina	Afro-Asiatic	Africa	161	151	105	69.54
kuna1268	Kunama		Africa	165	151	105	69.54
soch1239	Sochiapam Chinantec	Otomanguean	North America	187	174	121	69.54
surg1248	Surgut Khanty	Uralic	Eurasia	186	174	121	69.54
yuca1254	Yucatec Maya	Mayan	North America	189	174	121	69.54
ango1257	Angosturas Tunebo	Chibchan	South America	136	128	89	69.53
esim1238	Esimbi	Atlantic-Congo	Africa	154	141	98	69.5
sing1264	Northern Jinghpaw	Sino-Tibetan	Eurasia	192	177	123	69.49
temp1235	Tempasuk Dusun	Austronesian	Papunesia	127	118	82	69.49
lele1270	Lele (Papua New Guinea)	Austronesian	Papunesia	167	154	107	69.48
west2560	West Coast Bajau	Austronesian	Papunesia	179	167	116	69.46
jede1239	Jedek	Austroasiatic	Eurasia	112	108	75	69.44
livv1243	Livvi	Uralic	Eurasia	195	180	125	69.44
noct1238	Nocte Naga	Sino-Tibetan	Eurasia	195	180	125	69.44
pite1240	Pite Saami	Uralic	Eurasia	195	180	125	69.44
tekt1235	Tektiteko	Mayan	North America	170	157	109	69.43
bebe1248	Bebele	Atlantic-Congo	Africa	184	170	118	69.41
rong1264	Rongpo	Sino-Tibetan	Eurasia	185	170	118	69.41
unea1237	Uneapa	Austronesian	Papunesia	87	85	59	69.41
baha1259	Baharna Arabic	Afro-Asiatic	Eurasia	147	134	93	69.4
khan1278	Khana	Atlantic-Congo	Africa	187	173	120	69.36
mace1250	Macedonian	Indo-European	Eurasia	187	173	120	69.36
chuu1238	Chuukese	Austronesian	Papunesia	132	124	86	69.35
kola1285	Kola	Austronesian	Papunesia	156	150	104	69.33
lewo1242	Lewo	Austronesian	Papunesia	173	163	113	69.33
luan1263	Luang	Austronesian	Papunesia	173	163	113	69.33
tezo1238	Tezoatlán Mixtec	Otomanguean	North America	162	150	104	69.33
kaul1240	Kaulong	Austronesian	Papunesia	90	88	61	69.32
cowl1242	Cowlitz	Salishan	North America	175	166	115	69.28
iban1267	Ibanag	Austronesian	Papunesia	177	166	115	69.28
livv1244	Liv	Uralic	Eurasia	194	179	124	69.27
anci1244	Ancient Hebrew	Afro-Asiatic	Eurasia	182	169	117	69.23
cemu1238	Cemuhî	Austronesian	Papunesia	180	169	117	69.23
manu1258	Manusela	Austronesian	Papunesia	101	91	63	69.23
pawa1255	Pawaia		Papunesia	110	104	72	69.23
psik1239	Psikye	Afro-Asiatic	Africa	154	143	99	69.23
wotu1240	Wotu	Austronesian	Papunesia	180	169	117	69.23
fiji1243	Fijian	Austronesian	Papunesia	187	172	119	69.19
gude1246	Gude	Afro-Asiatic	Africa	176	162	112	69.14
saaa1241	Sa	Austronesian	Papunesia	162	149	103	69.13
sana1295	Sanaani Arabic	Afro-Asiatic	Eurasia	163	149	103	69.13
colu1241	Columbia-Wenatchi	Salishan	North America	178	165	114	69.09
piap1246	Piapoco	Arawakan	South America	59	55	38	69.09
gung1248	Gungabula	Pama-Nyungan	Australia	44	42	29	69.05
kaqc1270	Kaqchikel	Mayan	North America	183	168	116	69.05
abad1241	Abadi	Austronesian	Papunesia	118	113	78	69.03
kunj1245	Kunjen	Pama-Nyungan	Australia	163	155	107	69.03
timu1262	Timugon Murut	Austronesian	Papunesia	153	142	98	69.01
bamb1269	Bambara	Mande	Africa	104	100	69	69
cypr1248	Cypriot Arabic	Afro-Asiatic	Eurasia	142	129	89	68.99
thao1240	Thao	Austronesian	Papunesia	170	158	109	68.99
gheg1238	Gheg Albanian	Indo-European	Eurasia	188	174	120	68.97
mani1235	Sougb	East Bird's Head	Papunesia	122	116	80	68.97
mari1428	Marik	Austronesian	Papunesia	153	145	100	68.97
onto1237	Luangiua	Austronesian	Papunesia	156	145	100	68.97
zamb1245	Zamba	Atlantic-Congo	Africa	152	145	100	68.97
baba1268	Babatana	Austronesian	Papunesia	138	132	91	68.94
midd1327	Middle Watut	Austronesian	Papunesia	140	132	91	68.94
murl1244	Murle	Surmic	Africa	175	161	111	68.94
sang1321	Sangtam Naga	Sino-Tibetan	Eurasia	140	132	91	68.94
tata1258	Tataltepec Chatino	Otomanguean	North America	126	119	82	68.91
asoa1238	Asoa	Central Sudanic	Africa	94	90	62	68.89
bong1285	Bongo	Central Sudanic	Africa	146	135	93	68.89
tojo1241	Tojolabal	Mayan	North America	195	180	124	68.89
awar1249	Awar	Lower Sepik-Ramu	Papunesia	165	151	104	68.87
dadi1250	Dadibi	Teberan	Papunesia	164	151	104	68.87
lika1243	Liko	Atlantic-Congo	Africa	165	151	104	68.87
tehu1242	Tehuelche	Chonan	South America	182	167	115	68.86
gant1244	Gants	Nuclear Trans New Guinea	Papunesia	164	154	106	68.83
movi1243	Movima		South America	167	154	106	68.83
zaca1241	Zacatlán-Ahuacatlán-Tepetzintla Nahuatl	Uto-Aztecan	North America	164	154	106	68.83
waja1259	Waja	Atlantic-Congo	Africa	133	125	86	68.8
biwa1243	Biwat	Yuat	Papunesia	153	141	97	68.79
ronn1241	Ron	Afro-Asiatic	Africa	169	157	108	68.79
saka1289	Wanohe	Austronesian	Papunesia	187	173	119	68.79
bert1248	Berta		Africa	119	112	77	68.75
cent2084	Central Cagayan Agta	Austronesian	Papunesia	174	160	110	68.75
hali1244	Halia	Austronesian	Papunesia	172	160	110	68.75
kwam1249	Gwama	Koman	Africa	171	160	110	68.75
male1289	Maleu-Kilenge	Austronesian	Papunesia	154	144	99	68.75
wels1247	Welsh	Indo-European	Eurasia	173	160	110	68.75
ying1247	Yinggarda	Pama-Nyungan	Australia	65	64	44	68.75
faro1244	Faroese	Indo-European	Eurasia	194	179	123	68.72
kamb1299	Kambera	Austronesian	Papunesia	175	163	112	68.71
mati1250	Matigsalug Manobo	Austronesian	Papunesia	177	163	112	68.71
sira1267	Sirayaic	Austronesian	Papunesia	177	163	112	68.71
elem1253	Eleme	Atlantic-Congo	Africa	140	131	90	68.7
kari1311	Karitiâna	Tupian	South America	160	150	103	68.67
maxa1247	Maxakalí	Nuclear-Macro-Je	South America	181	166	114	68.67
nucl1594	Mairasi	Mairasic	Papunesia	84	83	57	68.67
sici1248	Sicilian	Indo-European	Eurasia	179	166	114	68.67
hula1244	Hulaulá	Afro-Asiatic	Eurasia	182	169	116	68.64
serr1255	Serrano	Uto-Aztecan	North America	183	169	116	68.64
kaga1256	Kagayanen	Austronesian	Papunesia	167	153	105	68.63
para1316	Paraujano	Arawakan	South America	53	51	35	68.63
ramo1244	Ramoaaina	Austronesian	Papunesia	52	51	35	68.63
tuni1252	Tunica		North America	162	153	105	68.63
dutc1256	Dutch	Indo-European	Eurasia	187	172	118	68.6
gure1255	Gureng Gureng	Pama-Nyungan	Australia	133	121	83	68.6
sout2729	Southern Pumi	Sino-Tibetan	Eurasia	186	172	118	68.6
kgal1244	Kgalagadi	Atlantic-Congo	Africa	169	156	107	68.59
dobe1238	Dobel	Austronesian	Papunesia	145	140	96	68.57
rian1263	Riantana	Kolopom	Papunesia	112	105	72	68.57
ubir1237	Ubir	Austronesian	Papunesia	149	140	96	68.57
chuj1250	Chuj	Mayan	North America	171	159	109	68.55
gali1262	Galibi Carib	Cariban	South America	173	159	109	68.55
yaou1238	Yaouré	Mande	Africa	130	124	85	68.55
nyaw1247	Nyawaygi	Pama-Nyungan	Australia	93	89	61	68.54
maga1260	Magahi	Indo-European	Eurasia	136	127	87	68.5
awac1239	Awa-Cuaiquer	Barbacoan	South America	157	146	100	68.49
dhar1247	Dhargari	Pama-Nyungan	Australia	77	73	50	68.49
iyoo1238	Iyo	Nuclear Trans New Guinea	Papunesia	153	146	100	68.49
tata1257	Tatana	Austronesian	Papunesia	155	146	100	68.49
buna1278	Bunak	Timor-Alor-Pantar	Papunesia	96	92	63	68.48
zoog1238	Zoogocho Zapotec	Otomanguean	North America	176	165	113	68.48
komc1235	Kom (Cameroon)	Atlantic-Congo	Africa	158	149	102	68.46
moch1259	Mochica		South America	139	130	89	68.46
tina1248	Tinà Sambal	Austronesian	Papunesia	141	130	89	68.46
achi1256	Achi	Mayan	North America	164	152	104	68.42
fili1244	Filipino	Austronesian	Papunesia	186	171	117	68.42
kado1242	Kado	Sino-Tibetan	Eurasia	184	171	117	68.42
ndam1251	Ndam	Afro-Asiatic	Africa	41	38	26	68.42
paun1241	Paunaka	Arawakan	South America	99	95	65	68.42
toke1240	Tokelau	Austronesian	Papunesia	178	171	117	68.42
yatz1235	Yatzachi Zapotec	Otomanguean	North America	185	171	117	68.42
coat1243	Coatlán Zapotec	Otomanguean	North America	166	155	106	68.39
mail1248	Mailu	Mailuan	Papunesia	185	174	119	68.39
pina1252	Pinai-Hagahai	Piawi	Papunesia	162	155	106	68.39
pamb1243	Pambia	Atlantic-Congo	Africa	131	117	80	68.38
miga1249	Migaama	Afro-Asiatic	Africa	104	98	67	68.37
bell1243	Bella Coola	Salishan	North America	191	177	121	68.36
mamb1294	Mambai	Atlantic-Congo	Africa	168	158	108	68.35
taus1253	Taushiro		South America	150	139	95	68.35
timn1235	Timne	Atlantic-Congo	Africa	166	158	108	68.35
yape1248	Yapese	Austronesian	Papunesia	170	158	108	68.35
ingr1248	Ingrian	Uralic	Eurasia	195	180	123	68.33
west2624	Western Huasteca Nahuatl	Uto-Aztecan	North America	128	120	82	68.33
djeo1235	Djeoromitxí	Nuclear-Macro-Je	South America	107	101	69	68.32
avac1239	Avá-Canoeiro	Tupian	South America	153	142	97	68.31
acol1236	Acoli	Nilotic	Africa	179	164	112	68.29
seke1241	Seke (Vanuatu)	Austronesian	Papunesia	175	164	112	68.29
nhen1239	Nhengatu	Tupian	South America	181	167	114	68.26
wira1265	Wirangu	Pama-Nyungan	Australia	66	63	43	68.25
marg1265	Marghi Central	Afro-Asiatic	Africa	184	170	116	68.24
tunn1238	Tunni	Afro-Asiatic	Africa	184	170	116	68.24
west2441	Western Arrarnta	Pama-Nyungan	Australia	159	148	101	68.24
west2466	Western Karaboro	Atlantic-Congo	Africa	185	170	116	68.24
coca1259	Cocama-Cocamilla	Tupian	South America	188	173	118	68.21
male1297	Maléku Jaíka	Chibchan	North America	188	173	118	68.21
darl1243	Paakantyi	Pama-Nyungan	Australia	45	44	30	68.18
tula1252	Tula	Atlantic-Congo	Africa	167	154	105	68.18
sund1252	Sundanese	Austronesian	Papunesia	170	157	107	68.15
ukra1253	Ukrainian	Indo-European	Eurasia	171	157	107	68.15
loba1239	Lobala	Atlantic-Congo	Africa	98	91	62	68.13
amis1246	Amis	Austronesian	Papunesia	151	138	94	68.12
bhoj1244	Bhojpuri	Indo-European	Eurasia	171	163	111	68.1
magu1243	Maguindanao	Austronesian	Papunesia	129	116	79	68.1
bayb1234	Baybayanon	Austronesian	Papunesia	149	141	96	68.09
cupe1243	Cupeño	Uto-Aztecan	North America	48	47	32	68.09
bari1286	Bariai	Austronesian	Papunesia	176	166	113	68.07
wage1238	Wageman		Australia	175	166	113	68.07
defa1248	Defaka	Ijoid	Africa	75	72	49	68.06
gang1266	Gangte	Sino-Tibetan	Eurasia	184	169	115	68.05
mart1255	Martuthunira	Pama-Nyungan	Australia	184	169	115	68.05
minh1238	Mangghuer	Mongolic-Khitan	Eurasia	181	169	115	68.05
waiw1244	Waiwai	Cariban	South America	178	169	115	68.05
nucl1454	Yawa	Yawa-Saweru	Papunesia	105	97	66	68.04
aree1239	Are	Austronesian	Papunesia	157	147	100	68.03
luse1252	Lusengo	Atlantic-Congo	Africa	131	122	83	68.03
pagu1249	Pagu	North Halmahera	Papunesia	153	147	100	68.03
sele1249	Selee	Atlantic-Congo	Africa	128	122	83	68.03
sout2994	Southern Nambikuára	Nambiquaran	South America	186	172	117	68.02
toar1246	Toaripi	Eleman	Papunesia	186	172	117	68.02
bret1244	Breton	Indo-European	Eurasia	189	175	119	68
para1311	Paraguayan Guaraní	Tupian	South America	54	50	34	68
skol1241	Skolt Saami	Uralic	Eurasia	192	178	121	67.98
thak1245	Thakali	Sino-Tibetan	Eurasia	193	178	121	67.98
kala1400	Central Kalapuya	Kalapuyan	North America	139	128	87	67.97
temi1246	Temiar	Austroasiatic	Eurasia	167	153	104	67.97
uruu1244	Uru	Uru-Chipaya	South America	170	156	106	67.95
ibib1240	Ibibio	Atlantic-Congo	Africa	140	131	89	67.94
sanm1301	San Marcos Tlalcoyalco Popoloca	Otomanguean	North America	141	131	89	67.94
atii1237	Ati	Austronesian	Papunesia	115	106	72	67.92
mono1273	Mono-Alu	Austronesian	Papunesia	111	106	72	67.92
tivv1240	Tiv	Atlantic-Congo	Africa	110	106	72	67.92
maro1244	Marovo	Austronesian	Papunesia	84	81	55	67.9
afad1236	Afade	Afro-Asiatic	Africa	62	56	38	67.86
biri1256	Biri	Pama-Nyungan	Australia	146	140	95	67.86
bugi1244	Buginese	Austronesian	Papunesia	183	168	114	67.86
bwai1242	Bwaidoka	Austronesian	Papunesia	153	140	95	67.86
camp1261	Campidanese Sardinian	Indo-European	Eurasia	181	168	114	67.86
iaai1238	Iaai	Austronesian	Papunesia	178	168	114	67.86
cent2322	Central Mansi	Uralic	Eurasia	185	171	116	67.84
bala1316	Balade	Austronesian	Papunesia	152	143	97	67.83
bara1369	Bara Malagasy	Austronesian	Africa	126	115	78	67.83
kuma1280	Kuman	Nuclear Trans New Guinea	Papunesia	153	143	97	67.83
mill1237	Millcayac	Huarpean	South America	122	115	78	67.83
bare1279	Barain	Afro-Asiatic	Africa	125	118	80	67.8
egaa1242	Ega	Atlantic-Congo	Africa	125	118	80	67.8
mann1248	Mann	Mande	Africa	124	118	80	67.8
nkon1248	Nkonya	Atlantic-Congo	Africa	128	118	80	67.8
teng1272	Tengger	Austronesian	Papunesia	121	118	80	67.8
tuwa1243	Tuwali Ifugao	Austronesian	Papunesia	192	177	120	67.8
coeu1236	Coeur d'Alene	Salishan	North America	157	149	101	67.79
ghad1239	Ghadames	Afro-Asiatic	Africa	160	149	101	67.79
lend1245	Lendu	Central Sudanic	Africa	159	149	101	67.79
tong1329	Tongva	Uto-Aztecan	North America	162	149	101	67.79
simb1256	Simbo	Austronesian	Papunesia	95	90	61	67.78
susu1250	Susu	Mande	Africa	96	90	61	67.78
chit1248	Chitimacha		North America	167	155	105	67.74
guro1248	Guro	Mande	Africa	131	124	84	67.74
tune1261	Tunen	Atlantic-Congo	Africa	98	93	63	67.74
zeme1240	Zeme Naga	Sino-Tibetan	Eurasia	163	155	105	67.74
chip1241	Chippewa	Algic	North America	171	158	107	67.72
luya1241	Luyi	Atlantic-Congo	Africa	172	158	107	67.72
mixt1426	Mixtepec Zapotec	Otomanguean	North America	170	158	107	67.72
nucl1347	Wolof	Atlantic-Congo	Africa	134	127	86	67.72
orok1266	Oroko	Atlantic-Congo	Africa	139	127	86	67.72
turk1303	Turkic Khalaj	Turkic	Eurasia	171	158	107	67.72
kach1280	Southern Jinghpaw	Sino-Tibetan	Eurasia	172	161	109	67.7
dera1248	Dera (Nigeria)	Afro-Asiatic	Africa	178	164	111	67.68
yaak1241	Yaaku	Afro-Asiatic	Africa	177	164	111	67.68
koka1244	Kokata	Pama-Nyungan	Australia	143	133	90	67.67
cors1241	Corsican	Indo-European	Eurasia	179	167	113	67.66
toor1238	Tooro	Atlantic-Congo	Africa	184	170	115	67.65
yand1253	Yandruwandha	Pama-Nyungan	Australia	72	68	46	67.65
pamo1252	Pamona	Austronesian	Papunesia	148	139	94	67.63
sril1245	Sri Lanka Malay	Austronesian	Eurasia	185	173	117	67.63
wand1278	Wandala	Afro-Asiatic	Africa	188	173	117	67.63
bunu1267	Bunun	Austronesian	Papunesia	74	71	48	67.61
kxoe1243	Kxoe	Khoe-Kwadi	Africa	194	179	121	67.6
dawr1236	Dawro	Ta-Ne-Omotic	Africa	156	145	98	67.59
embe1262	Emberá-Chamí	Chocoan	South America	159	145	98	67.59
sout2715	Southern Ghale	Sino-Tibetan	Eurasia	115	108	73	67.59
balo1261	Loi-Likila	Atlantic-Congo	Africa	117	111	75	67.57
birr1240	Birri	Central Sudanic	Africa	120	111	75	67.57
sude1239	Sudest	Austronesian	Papunesia	159	151	102	67.55
mayo1264	Mayo	Uto-Aztecan	North America	168	154	104	67.53
gogo1265	Gogodala	Suki-Gogodala	Papunesia	166	157	106	67.52
pagi1243	Pagibete	Atlantic-Congo	Africa	170	157	106	67.52
siri1273	Sirionó	Tupian	South America	169	157	106	67.52
dobu1241	Dobu	Austronesian	Papunesia	174	160	108	67.5
moni1237	Mangue	Otomanguean	North America	84	80	54	67.5
cici1237	Cicipu	Atlantic-Congo	Africa	172	163	110	67.48
hrus1242	Hruso		Eurasia	89	83	56	67.47
kich1262	K'iche'	Mayan	North America	180	166	112	67.47
plau1238	Plautdietsch	Indo-European	North America	178	166	112	67.47
taji1246	Tajio	Austronesian	Papunesia	184	169	114	67.46
umes1235	Ume Saami	Uralic	Eurasia	183	169	114	67.46
budu1265	Buduma	Afro-Asiatic	Africa	137	129	87	67.44
lala1268	Lala	Austronesian	Papunesia	187	172	116	67.44
wara1303	Warao		South America	185	172	116	67.44
anem1249	Anem		Papunesia	91	89	60	67.42
bodo1267	Bodo Gadaba	Austroasiatic	Eurasia	141	132	89	67.42
halk1245	Halkomelem	Salishan	North America	193	178	120	67.42
meya1236	Meyah	East Bird's Head	Papunesia	96	92	62	67.39
nots1237	Notsi	Austronesian	Papunesia	147	138	93	67.39
nuuc1236	Nuu-chah-nulth	Wakashan	North America	151	138	93	67.39
meng1267	Mengen	Austronesian	Papunesia	98	95	64	67.37
agus1235	Agusan Manobo	Austronesian	Papunesia	103	98	66	67.35
buru1303	Buru (Indonesia)	Austronesian	Papunesia	102	98	66	67.35
cent2142	Central Aymara	Aymaran	South America	160	147	99	67.35
suku1272	Sukur	Afro-Asiatic	Africa	102	98	66	67.35
mala1463	Malavedan	Dravidian	Eurasia	163	153	103	67.32
melp1238	Melpa	Nuclear Trans New Guinea	Papunesia	166	156	105	67.31
sout2869	Southwest Tanna	Austronesian	Papunesia	166	156	105	67.31
whit1269	Whitesands	Austronesian	Papunesia	167	156	105	67.31
elip1238	Elip	Atlantic-Congo	Africa	111	107	72	67.29
lepc1244	Lepcha	Sino-Tibetan	Eurasia	176	162	109	67.28
arta1239	Arta	Austronesian	Papunesia	184	171	115	67.25
sand1278	San Dionisio del Mar Huave	Huavean	North America	184	171	115	67.25
nort2961	Northwestern Ojibwa	Algic	North America	189	174	117	67.24
hert1241	Hertevin	Afro-Asiatic	Eurasia	64	61	41	67.21
wara1292	Samue	Atlantic-Congo	Africa	65	61	41	67.21
bilb1241	Bilibil	Austronesian	Papunesia	141	128	86	67.19
mwan1250	Mwan	Mande	Africa	135	128	86	67.19
bubi1250	Bubi	Atlantic-Congo	Africa	144	131	88	67.18
gale1259	Galela	North Halmahera	Papunesia	143	131	88	67.18
aghu1254	Aghu Tharnggalu	Pama-Nyungan	Australia	69	67	45	67.16
aghw1237	Aghwan	Nakh-Daghestanian	Eurasia	147	134	90	67.16
belu1239	Belueli	Atlantic-Congo	Africa	73	70	47	67.14
isin1239	Isinai	Austronesian	Papunesia	152	140	94	67.14
kair1263	Kairiru	Austronesian	Papunesia	73	70	47	67.14
ping1243	Pingelapese	Austronesian	Papunesia	152	143	96	67.13
romb1245	Romblomanon	Austronesian	Papunesia	155	143	96	67.13
phom1236	Phom Naga	Sino-Tibetan	Eurasia	158	146	98	67.12
lele1276	Lele (Chad)	Afro-Asiatic	Africa	164	152	102	67.11
melo1242	Melo	Ta-Ne-Omotic	Africa	163	149	100	67.11
bull1247	Bullom So	Atlantic-Congo	Africa	165	158	106	67.09
meen1242	Me'en	Surmic	Africa	167	158	106	67.09
tobe1252	Tobelo	North Halmahera	Papunesia	173	158	106	67.09
naka1262	Nakanai	Austronesian	Papunesia	173	161	108	67.08
qanj1241	Q'anjob'al	Mayan	North America	176	161	108	67.08
trum1247	Trumai		South America	172	161	108	67.08
darm1243	Darma	Sino-Tibetan	Eurasia	179	167	112	67.07
tswa1253	Tswana	Atlantic-Congo	Africa	178	164	110	67.07
woli1241	Wolio	Austronesian	Papunesia	182	167	112	67.07
male1284	Male (Ethiopia)	Ta-Ne-Omotic	Africa	182	170	114	67.06
itza1241	Itzá	Mayan	North America	188	173	116	67.05
muss1246	Mussau-Emira	Austronesian	Papunesia	90	88	59	67.05
occi1239	Occitan	Indo-European	Eurasia	187	173	116	67.05
nort2836	North Efate	Austronesian	Papunesia	93	91	61	67.03
liki1240	Balobo	Atlantic-Congo	Africa	99	94	63	67.02
baga1273	Baga Koga	Atlantic-Congo	Africa	104	97	65	67.01
nzad1234	Nzadi	Atlantic-Congo	Africa	101	97	65	67.01
okuu1243	Oku	Atlantic-Congo	Africa	110	103	69	66.99
west2417	Western Muya	Sino-Tibetan	Eurasia	112	106	71	66.98
paam1238	Paama	Austronesian	Papunesia	117	109	73	66.97
daak1235	Da'a Kaili	Austronesian	Papunesia	123	118	79	66.95
apma1241	Ap Ma	Keram	Papunesia	126	121	81	66.94
cayu1262	Cayubaba		South America	131	124	83	66.94
pint1250	Pintupi-Luritja	Pama-Nyungan	Australia	130	124	83	66.94
shas1239	Shasta	Shastan	North America	144	136	91	66.91
glav1244	Glavda	Afro-Asiatic	Africa	149	142	95	66.9
bord1248	Border Kuna	Chibchan	South America	162	148	99	66.89
nuer1246	Nuer	Nilotic	Africa	158	148	99	66.89
wudi1238	Wuding-Luquan Yi	Sino-Tibetan	Eurasia	164	151	101	66.89
mezo1235	Mezontla Popoloca	Otomanguean	North America	169	160	107	66.88
lugu1238	Luguru	Atlantic-Congo	Africa	177	163	109	66.87
roma1326	Romansh	Indo-European	Eurasia	178	166	111	66.87
wapp1239	Wappo	Yuki-Wappo	North America	177	166	111	66.87
kamu1260	Kamula	Kamula-Elevala	Papunesia	185	172	115	66.86
luok1236	Luo (Kenya and Tanzania)	Nilotic	Africa	185	172	115	66.86
nort2885	Northern Subanen	Austronesian	Papunesia	189	175	117	66.86
nyal1254	Belep	Austronesian	Papunesia	180	169	113	66.86
stan1289	Catalan	Indo-European	Eurasia	193	178	119	66.85
tsix1234	Ts'ixa	Khoe-Kwadi	Africa	193	178	119	66.85
akei1237	Akei	Austronesian	Papunesia	122	114	76	66.67
bila1255	Bila	Atlantic-Congo	Africa	134	126	84	66.67
boro1282	Bororo	Bororoan	South America	184	171	114	66.67
caro1242	Carolinian	Austronesian	Papunesia	154	141	94	66.67
cent2150	Central Tunebo	Chibchan	South America	159	147	98	66.67
cham1315	Chamacoco	Zamucoan	South America	143	135	90	66.67
east2782	Eastern Kikongo	Atlantic-Congo	Africa	156	144	96	66.67
ersu1241	Ersu	Sino-Tibetan	Eurasia	195	180	120	66.67
gaga1249	Gagauz	Turkic	Eurasia	188	174	116	66.67
geme1244	Geme	Atlantic-Congo	Africa	6	6	4	66.67
kamb1297	Kamba (Kenya)	Atlantic-Congo	Africa	173	159	106	66.67
kara1476	Karadjeri	Pama-Nyungan	Australia	67	63	42	66.67
kawa1283	Kawaiisu	Uto-Aztecan	North America	34	33	22	66.67
keig1242	Keiga	Kadugli-Krongo	Africa	148	138	92	66.67
kina1250	Kinaray-a	Austronesian	Papunesia	143	135	90	66.67
laiy1246	Laiyolo	Austronesian	Papunesia	123	117	78	66.67
lemb1266	Lembena	Nuclear Trans New Guinea	Papunesia	175	165	110	66.67
lena1238	Lenakel	Austronesian	Papunesia	195	180	120	66.67
mboc1235	Mbo (Cameroon)	Atlantic-Congo	Africa	161	150	100	66.67
misi1243	Misima-Paneati	Austronesian	Papunesia	144	138	92	66.67
nati1243	Natioro	Atlantic-Congo	Africa	51	48	32	66.67
nucl1327	Limilngan	Limilngan-Wulna	Australia	167	156	104	66.67
papa1268	Papar	Austronesian	Papunesia	47	42	28	66.67
pitt1247	Pitta Pitta	Pama-Nyungan	Australia	160	153	102	66.67
remo1247	Hatang Kayi	Austronesian	Papunesia	135	129	86	66.67
sout2976	Southeastern Tepehuan	Uto-Aztecan	North America	167	156	104	66.67
ticu1245	Ticuna	Ticuna-Yuri	South America	154	144	96	66.67
tomm1242	Tommo So Dogon	Dogon	Africa	167	153	102	66.67
wann1242	Wan	Mande	Africa	124	117	78	66.67
yaqu1251	Yaqui	Uto-Aztecan	North America	162	153	102	66.67
lill1248	Lillooet	Salishan	North America	190	176	117	66.48
ngan1291	Nganasan	Uralic	Eurasia	194	179	119	66.48
nucl1235	Eastern Armenian	Indo-European	Eurasia	188	173	115	66.47
nyan1307	Nyankole	Atlantic-Congo	Africa	185	170	113	66.47
tanz1241	Tanzanian Ngoni	Atlantic-Congo	Africa	188	173	115	66.47
yuec1235	Yue Chinese	Sino-Tibetan	Eurasia	180	167	111	66.47
akun1241	Akuntsu	Tupian	South America	174	161	107	66.46
kele1259	Keley-i Kallahan	Austronesian	Papunesia	170	158	105	66.46
khar1288	Kharam Naga	Sino-Tibetan	Eurasia	173	161	107	66.46
kumz1235	Kumzari	Indo-European	Eurasia	171	158	105	66.46
sene1264	Seneca	Iroquoian	North America	174	161	107	66.46
hula1239	Hula	Austronesian	Papunesia	164	155	103	66.45
yala1262	Yalarnnga	Pama-Nyungan	Australia	157	146	97	66.44
gugu1253	Gugu Badhun	Pama-Nyungan	Australia	151	143	95	66.43
onaa1245	Selk'nam	Chonan	South America	153	140	93	66.43
lubu1243	Lubuagan Kalinga	Austronesian	Papunesia	141	134	89	66.42
muth1236	Muthuvan	Dravidian	Eurasia	143	134	89	66.42
araw1276	Lokono	Arawakan	South America	136	128	85	66.41
beng1282	Benga	Atlantic-Congo	Africa	132	125	83	66.4
yavi1244	Yavitero-Pareni	Arawakan	South America	117	113	75	66.37
boru1252	Boruca	Chibchan	North America	117	107	71	66.36
maba1270	Mabaale	Atlantic-Congo	Africa	118	110	73	66.36
weda1241	Wedau	Austronesian	Papunesia	115	107	71	66.36
suba1238	Suba	Atlantic-Congo	Africa	111	104	69	66.35
kolp1236	Kol (Papua New Guinea)		Papunesia	94	92	61	66.3
fore1265	Forest Enets	Uralic	Eurasia	193	178	118	66.29
idaa1241	Ida'an	Austronesian	Papunesia	93	89	59	66.29
sekp1241	Sekpele	Atlantic-Congo	Africa	94	89	59	66.29
bier1244	Bierebo	Austronesian	Papunesia	186	172	114	66.28
goli1247	Golin	Nuclear Trans New Guinea	Papunesia	88	86	57	66.28
kagu1239	Kagulu	Atlantic-Congo	Africa	186	172	114	66.28
madi1260	Ma'di	Central Sudanic	Africa	185	172	114	66.28
bush1247	Bushoong	Atlantic-Congo	Africa	184	169	112	66.27
siwu1238	Siwu	Atlantic-Congo	Africa	87	83	55	66.27
tosk1239	Northern Tosk Albanian	Indo-European	Eurasia	180	166	110	66.27
ndob1238	Ndobo	Atlantic-Congo	Africa	85	80	53	66.25
patt1248	Pattani	Sino-Tibetan	Eurasia	172	160	106	66.25
copa1237	Copala Triqui	Otomanguean	North America	171	157	104	66.24
yagu1244	Yagua	Peba-Yagua	South America	170	157	104	66.24
dong1285	Dongxiang	Mongolic-Khitan	Eurasia	164	151	100	66.23
teri1250	Teribe	Chibchan	North America	165	151	100	66.23
ghom1257	Ghomara	Afro-Asiatic	Africa	158	145	96	66.21
yayg1236	Yaygir	Pama-Nyungan	Australia	154	145	96	66.21
bobo1255	Bobongko	Austronesian	Papunesia	73	71	47	66.2
nort2864	Wemale	Austronesian	Papunesia	76	71	47	66.2
tuba1278	Tübatulabal	Uto-Aztecan	North America	152	139	92	66.19
umot1240	Umotína	Bororoan	South America	73	68	45	66.18
guer1241	Central Guerrero Nahuatl	Uto-Aztecan	North America	135	127	84	66.14
lule1254	Lule Saami	Uralic	Eurasia	195	180	119	66.11
port1283	Portuguese	Indo-European	Eurasia	192	177	117	66.1
sout2728	Southern Qiang	Sino-Tibetan	Eurasia	192	177	117	66.1
tami1290	Tami	Austronesian	Papunesia	120	115	76	66.09
macu1260	Macuna	Tucanoan	South America	177	168	111	66.07
cent2131	Central Tarahumara	Uto-Aztecan	North America	178	165	109	66.06
cent2292	Central Bontoc	Austronesian	Papunesia	178	165	109	66.06
urua1242	Uruava	Austronesian	Papunesia	121	109	72	66.06
kuot1243	Kuot		Papunesia	174	162	107	66.05
gaga1251	Gaagudju		Australia	169	156	103	66.03
taya1257	Tayart Tamajeq	Afro-Asiatic	Africa	161	147	97	65.99
kurt1248	Kurtokha	Sino-Tibetan	Eurasia	98	94	62	65.96
char1269	Chara	Ta-Ne-Omotic	Africa	149	135	89	65.93
chak1270	Chak	Sino-Tibetan	Eurasia	188	176	116	65.91
popt1235	Popti'	Mayan	North America	188	173	114	65.9
daza1242	Dazaga	Saharan	Africa	180	170	112	65.88
pohn1238	Pohnpeian	Austronesian	Papunesia	182	167	110	65.87
soga1242	Soga	Atlantic-Congo	Africa	181	167	110	65.87
culi1244	Culina	Arawan	South America	179	164	108	65.85
haru1245	Haruai	Piawi	Papunesia	178	164	108	65.85
pana1305	Panamint	Uto-Aztecan	North America	41	41	27	65.85
taus1251	Tausug	Austronesian	Papunesia	179	164	108	65.85
jama1261	Madi	Arawan	South America	170	161	106	65.84
namu1246	Namuyi	Sino-Tibetan	Eurasia	173	161	106	65.84
bafi1243	Bafia	Atlantic-Congo	Africa	173	158	104	65.82
kusu1250	Kusunda		Eurasia	173	158	104	65.82
shan1283	Shanenawa	Pano-Tacanan	South America	171	158	104	65.82
baur1253	Baure	Arawakan	South America	168	155	102	65.81
kele1255	Kele-Foma	Atlantic-Congo	Africa	128	117	77	65.81
nort2671	North Saami	Uralic	Eurasia	167	155	102	65.81
tuki1240	Tuki	Atlantic-Congo	Africa	160	155	102	65.81
arom1237	Aromanian	Indo-European	Eurasia	165	152	100	65.79
hang1263	Hanga Hundi	Ndu	Papunesia	161	152	100	65.79
gapa1238	Gapapaiwa	Austronesian	Papunesia	157	149	98	65.77
nort2957	Northern Puebla Nahuatl	Uto-Aztecan	North America	153	146	96	65.75
alac1244	Alacatlatzala Mixtec	Otomanguean	North America	154	143	94	65.73
ital1282	Italian	Indo-European	Eurasia	193	178	117	65.73
kips1239	Kipsigis	Nilotic	Africa	156	143	94	65.73
youl1235	Youle Jinuo	Sino-Tibetan	Eurasia	192	178	117	65.73
jenn1240	Jennu Kurumba	Dravidian	Eurasia	150	140	92	65.71
lese1243	Lese	Central Sudanic	Africa	150	140	92	65.71
viem1243	Viemo	Atlantic-Congo	Africa	151	140	92	65.71
kili1267	Kilivila	Austronesian	Papunesia	187	172	113	65.7
komb1274	Kombai	Nuclear Trans New Guinea	Papunesia	182	172	113	65.7
yawu1244	Yawuru	Nyulnyulan	Australia	185	172	113	65.7
chen1255	Chenchu	Dravidian	Eurasia	180	169	111	65.68
oloo1241	Olo	Nuclear Torricelli	Papunesia	178	169	111	65.68
sout2807	Southern Sotho	Atlantic-Congo	Africa	184	169	111	65.68
lumb1249	Lumbu	Atlantic-Congo	Africa	146	134	88	65.67
kwam1252	Kwamera	Austronesian	Papunesia	176	166	109	65.66
nyor1246	Nyoro	Atlantic-Congo	Africa	180	166	109	65.66
yong1280	Yonggom	Nuclear Trans New Guinea	Papunesia	176	166	109	65.66
toda1252	Toda	Dravidian	Eurasia	139	131	86	65.65
abui1241	Abui	Timor-Alor-Pantar	Papunesia	100	96	63	65.62
iwal1237	Iwal	Austronesian	Papunesia	134	128	84	65.62
nung1282	Nung (Myanmar)	Sino-Tibetan	Eurasia	170	157	103	65.61
pany1241	Panytyima	Pama-Nyungan	Australia	171	157	103	65.61
sela1260	Selayar	Austronesian	Papunesia	135	125	82	65.6
fore1270	Fore	Nuclear Trans New Guinea	Papunesia	97	93	61	65.59
bali1278	Balinese	Austronesian	Papunesia	167	154	101	65.58
heil1246	Heiltsuk-Oowekyala	Wakashan	North America	126	122	80	65.57
tien1242	Tiene	Atlantic-Congo	Africa	126	122	80	65.57
mode1248	Modern Greek	Indo-European	Eurasia	195	180	118	65.56
mono1275	Mono (USA)	Uto-Aztecan	North America	161	151	99	65.56
nang1262	Nanggu	Austronesian	Papunesia	162	151	99	65.56
owaa1237	Owa	Austronesian	Papunesia	161	151	99	65.56
taki1248	Takia	Austronesian	Papunesia	93	90	59	65.56
acha1250	Achagua	Arawakan	South America	124	119	78	65.55
peri1253	Peripheral Mongolian	Mongolic-Khitan	Eurasia	129	119	78	65.55
mudu1239	Muduga	Dravidian	Eurasia	161	148	97	65.54
nucl1706	Neo-Mandaic	Afro-Asiatic	Eurasia	159	148	97	65.54
tika1246	Tikar	Atlantic-Congo	Africa	192	177	116	65.54
yare1248	Yareba	Yareban	Papunesia	159	148	97	65.54
ache1245	Acheron	Narrow Talodi	Africa	120	116	76	65.52
basq1248	Basque		Eurasia	188	174	114	65.52
duna1248	Duna		Papunesia	91	87	57	65.52
akoo1248	Akoose	Atlantic-Congo	Africa	185	171	112	65.5
kham1282	Khams Tibetan	Sino-Tibetan	Eurasia	184	171	112	65.5
pamp1243	Pampanga	Austronesian	Papunesia	154	142	93	65.49
mori1268	Mori Bawah	Austronesian	Papunesia	88	84	55	65.48
ibat1238	Ibatan	Austronesian	Papunesia	176	165	108	65.45
juho1239	South-Eastern Ju	Kxa	Africa	57	55	36	65.45
mele1250	Mele-Fila	Austronesian	Papunesia	115	110	72	65.45
rabh1238	Rabha	Sino-Tibetan	Eurasia	177	165	108	65.45
rung1258	Runga	Maban	Africa	178	165	108	65.45
baga1272	Baga Sitemu	Atlantic-Congo	Africa	140	136	89	65.44
hooo1248	Ho	Austroasiatic	Eurasia	149	136	89	65.44
pich1237	Pichis Ashéninka	Arawakan	South America	148	136	89	65.44
arbo1245	Arbore	Afro-Asiatic	Africa	170	162	106	65.43
tete1251	Tetelcingo Nahuatl	Uto-Aztecan	North America	173	162	106	65.43
aluk1238	Alu Kurumba	Dravidian	Eurasia	171	159	104	65.41
bimi1240	Bimin	Nuclear Trans New Guinea	Papunesia	172	159	104	65.41
doro1266	Doromu-Koki	Manubaran	Papunesia	167	159	104	65.41
guhu1244	Guhu-Samane	Nuclear Trans New Guinea	Papunesia	167	159	104	65.41
gusi1247	Gusii	Atlantic-Congo	Africa	173	159	104	65.41
hehe1240	Hehe	Atlantic-Congo	Africa	144	133	87	65.41
moun1252	Mountain Koiali	Koiarian	Papunesia	168	159	104	65.41
mpot1240	Mpoto	Atlantic-Congo	Africa	173	159	104	65.41
take1257	Takelma		North America	173	159	104	65.41
konz1239	Konzo	Atlantic-Congo	Africa	133	130	85	65.38
kulo1237	Kulon-Pazeh	Austronesian	Papunesia	140	130	85	65.38
pipi1250	Pipil	Uto-Aztecan	North America	170	156	102	65.38
wood1236	Woods Cree	Algic	North America	162	156	102	65.38
boht1238	Gardabani Bohtan Neo-Aramaic	Afro-Asiatic	Eurasia	166	153	100	65.36
matu1261	Matukar	Austronesian	Papunesia	194	179	117	65.36
mosi1247	Akie	Nilotic	Africa	167	153	100	65.36
iris1253	Irish	Indo-European	Eurasia	189	176	115	65.34
ache1246	Aché	Tupian	South America	78	75	49	65.33
yaul1241	Ulwa (Papua New Guinea)	Keram	Papunesia	188	173	113	65.32
gumu1244	Northern Gumuz	Gumuz	Africa	160	147	96	65.31
kali1308	Kalispel-Pend d'Oreille	Salishan	North America	160	147	96	65.31
nkor1239	Nkoroo	Ijoid	Africa	54	49	32	65.31
west2632	Western Keres	Keresan	North America	161	147	96	65.31
nort2954	Northern Paiute	Uto-Aztecan	North America	184	170	111	65.29
orok1267	Orokolo	Eleman	Papunesia	181	167	109	65.27
cams1241	Camsá		South America	124	118	77	65.25
saga1262	Sagalla	Atlantic-Congo	Africa	152	141	92	65.25
daha1245	Dahalo	Afro-Asiatic	Africa	46	46	30	65.22
daur1238	Dagur	Mongolic-Khitan	Eurasia	149	138	90	65.22
kari1306	Kari	Atlantic-Congo	Africa	76	69	45	65.22
chan1313	Chang Naga	Sino-Tibetan	Eurasia	170	158	103	65.19
bomb1262	Bomboma	Atlantic-Congo	Africa	119	112	73	65.18
buki1249	Bukiyip	Nuclear Torricelli	Papunesia	90	89	58	65.17
labe1239	Label	Austronesian	Papunesia	70	66	43	65.15
veps1250	Veps	Uralic	Eurasia	188	175	114	65.14
kala1384	Kalanga	Atlantic-Congo	Africa	164	152	99	65.13
nhan1238	Nhanda	Pama-Nyungan	Australia	163	152	99	65.13
mbul1263	Mbula	Austronesian	Papunesia	183	172	112	65.12
makh1266	Makhuwa-Saka	Atlantic-Congo	Africa	158	149	97	65.1
mali1285	Malinaltepec Me'phaa	Otomanguean	North America	160	149	97	65.1
sier1250	Sierra de Juárez Zapotec	Otomanguean	North America	162	149	97	65.1
tong1318	Tonga (Zambia)	Atlantic-Congo	Africa	160	149	97	65.1
guer1243	Guerrero Amuzgo	Otomanguean	North America	179	169	110	65.09
pure1242	Purepecha	Tarascan	North America	182	169	110	65.09
west2369	Western Farsi	Indo-European	Eurasia	183	169	110	65.09
gwen1239	Gweno	Atlantic-Congo	Africa	135	126	82	65.08
ngal1296	Ngala-Santandrea	Atlantic-Congo	Africa	67	63	41	65.08
urni1239	Urningangg	Giimbiyu	Australia	157	146	95	65.07
anga1288	Angami Naga	Sino-Tibetan	Eurasia	180	166	108	65.06
chal1275	Chaldean Neo-Aramaic	Afro-Asiatic	Eurasia	181	166	108	65.06
mich1245	Michoacán Nahuatl	Uto-Aztecan	North America	177	163	106	65.03
finn1318	Finnish	Uralic	Eurasia	195	180	117	65
kuni1267	Kunimaipa	Goilalan	Papunesia	171	160	104	65
nade1244	Nadëb	Naduhup	South America	64	60	39	65
seme1247	Semelai	Austroasiatic	Eurasia	195	180	117	65
shaw1249	Shawnee	Algic	North America	168	160	104	65
temb1272	Motembo-Kunda	Atlantic-Congo	Africa	105	100	65	65
yucu1253	Yucuna	Arawakan	South America	64	60	39	65
akab1249	Akabea	Great Andamanese	Eurasia	192	177	115	64.97
sout2859	Southeast Ambrym	Austronesian	Papunesia	124	117	76	64.96
tawa1286	Tawallammat Tamajaq	Afro-Asiatic	Africa	127	117	76	64.96
duru1236	Duruwa	Dravidian	Eurasia	121	114	74	64.91
komi1268	Komi-Zyrian	Uralic	Eurasia	186	171	111	64.91
tepe1278	Tepecano	Uto-Aztecan	North America	121	114	74	64.91
niha1238	Nihali		Eurasia	164	151	98	64.9
sant1436	Santa María Zacatepec Mixtec	Otomanguean	North America	160	151	98	64.9
sius1254	Siuslaw		North America	165	151	98	64.9
kalu1248	Kaluli	Bosavi	Papunesia	96	94	61	64.89
shix1238	Shixing	Sino-Tibetan	Eurasia	182	168	109	64.88
jita1239	Jita	Atlantic-Congo	Africa	75	74	48	64.86
kalk1246	Kalkutung	Pama-Nyungan	Australia	158	148	96	64.86
mini1256	Minica Huitoto	Huitotoan	South America	160	148	96	64.86
rong1266	Rongmei Naga	Sino-Tibetan	Eurasia	161	148	96	64.86
zani1235	Zaniza Zapotec	Otomanguean	North America	162	148	96	64.86
buru1320	Burunge	Afro-Asiatic	Africa	180	165	107	64.85
nort2723	Northern Pumi	Sino-Tibetan	Eurasia	177	165	107	64.85
nort2930	Northeast Kiwai	Kiwaian	Papunesia	173	165	107	64.85
kask1239	Kaska	Athabaskan-Eyak-Tlingit	North America	137	128	83	64.84
wikm1247	Wik-Mungkan	Pama-Nyungan	Australia	134	128	83	64.84
yess1239	Yessan-Mayo	Sepik	Papunesia	92	91	59	64.84
kada1242	Kadar	Dravidian	Eurasia	156	145	94	64.83
isth1241	Isthmus-Pajapan Nahuatl	Uto-Aztecan	North America	133	125	81	64.8
ware1255	Warekena do San Miguel	Arawakan	South America	131	125	81	64.8
kuku1280	Kuku-Uwanh	Pama-Nyungan	Australia	155	142	92	64.79
nand1266	Nandi	Nilotic	Africa	156	142	92	64.79
dura1244	Dura	Sino-Tibetan	Eurasia	171	159	103	64.78
naur1243	Nauru	Austronesian	Papunesia	173	159	103	64.78
haus1257	Hausa	Afro-Asiatic	Africa	91	88	57	64.77
west2618	Western Canadian Inuktitut	Eskimo-Aleut	North America	116	105	68	64.76
asur1254	Asuri	Austroasiatic	Eurasia	149	139	90	64.75
atay1247	Atayal	Austronesian	Papunesia	129	122	79	64.75
nort2722	Northern Qiang	Sino-Tibetan	Eurasia	187	173	112	64.74
sout2856	South Efate	Austronesian	Papunesia	188	173	112	64.74
umbu1258	Umbu-Ungu	Nuclear Trans New Guinea	Papunesia	165	156	101	64.74
amri1238	Amri Karbi	Sino-Tibetan	Eurasia	150	136	88	64.71
fala1243	Falam Chin	Sino-Tibetan	Eurasia	143	136	88	64.71
guam1248	Guambiano	Barbacoan	South America	127	119	77	64.71
mopa1243	Mopán Maya	Mayan	North America	166	153	99	64.71
sout2985	Southern Sierra Miwok	Miwok-Costanoan	North America	166	153	99	64.71
udii1243	Udi	Nakh-Daghestanian	Eurasia	147	136	88	64.71
zagh1240	Beria	Saharan	Africa	183	170	110	64.71
awad1244	Awad Bing	Austronesian	Papunesia	162	150	97	64.67
galo1242	Galo	Sino-Tibetan	Eurasia	179	167	108	64.67
kiku1240	Kikuyu	Atlantic-Congo	Africa	160	150	97	64.67
bolo1262	Boloki	Atlantic-Congo	Africa	144	133	86	64.66
bahi1252	Bahing	Sino-Tibetan	Eurasia	161	147	95	64.63
bala1315	Balantak	Austronesian	Papunesia	178	164	106	64.63
karb1241	Hills Karbi	Sino-Tibetan	Eurasia	157	147	95	64.63
tule1245	Tule-Kaweah Yokuts	Yokutsan	North America	172	164	106	64.63
twan1247	Twana	Salishan	North America	87	82	53	64.63
limb1266	Limbu	Sino-Tibetan	Eurasia	140	130	84	64.62
balu1257	Paluai	Austronesian	Papunesia	193	178	115	64.61
chip1261	Chipewyan	Athabaskan-Eyak-Tlingit	North America	193	178	115	64.61
bara1357	Baraamu	Sino-Tibetan	Eurasia	171	161	104	64.6
mara1379	Maram Naga	Sino-Tibetan	Eurasia	167	161	104	64.6
sham1280	Shambala	Atlantic-Congo	Africa	118	113	73	64.6
yoku1256	Northern Yokuts	Yokutsan	North America	173	161	104	64.6
maca1259	Macaguán	Guahiboan	South America	49	48	31	64.58
iton1250	Itonama		South America	170	158	102	64.56
sanm1289	San Martín Quechua	Quechuan	South America	171	158	102	64.56
tsha1245	Tshangla	Sino-Tibetan	Eurasia	171	158	102	64.56
gamo1243	Gamo	Ta-Ne-Omotic	Africa	183	172	111	64.53
abip1241	Abipon	Guaicuruan	South America	129	124	80	64.52
koit1244	Koitabu	Koiarian	Papunesia	168	155	100	64.52
achu1248	Achuar-Shiwiar	Chicham	South America	183	169	109	64.5
egyp1253	Egyptian Arabic	Afro-Asiatic	Africa	166	152	98	64.47
lowl1265	Lowland Tarahumara	Uto-Aztecan	North America	164	152	98	64.47
motu1246	Motu	Austronesian	Papunesia	160	152	98	64.47
nant1250	Nanti	Arawakan	South America	80	76	49	64.47
sanb1242	San Blas Kuna	Chibchan	South America	165	152	98	64.47
yapu1240	Yeri	Nuclear Torricelli	Papunesia	163	152	98	64.47
guat1253	Guató		South America	127	121	78	64.46
mait1250	Maithili	Indo-European	Eurasia	180	166	107	64.46
nort2980	North Junín Quechua	Quechuan	South America	175	166	107	64.46
bauz1241	Bauzi	Geelvink Bay	Papunesia	93	90	58	64.44
goem1240	Goemai	Afro-Asiatic	Africa	92	90	58	64.44
guma1254	Gumawana	Austronesian	Papunesia	176	163	105	64.42
daas1238	Daasanach	Afro-Asiatic	Africa	191	177	114	64.41
kuma1276	Nêlêmwa-Nixumwak	Austronesian	Papunesia	189	177	114	64.41
sobe1238	Sobei	Austronesian	Papunesia	130	118	76	64.41
muyu1244	Muyuw	Austronesian	Papunesia	140	132	85	64.39
urar1246	Urarina		South America	174	160	103	64.38
kach1284	Kachama-Ganjule-Haro	Ta-Ne-Omotic	Africa	188	174	112	64.37
chil1280	Chilcotin-Nicola	Athabaskan-Eyak-Tlingit	North America	183	171	110	64.33
payn1244	Manat	Nuclear Trans New Guinea	Papunesia	162	157	101	64.33
toho1245	Tohono O'odham	Uto-Aztecan	North America	184	171	110	64.33
bata1289	Batak Toba	Austronesian	Papunesia	168	154	99	64.29
bond1247	Bondei	Atlantic-Congo	Africa	151	140	90	64.29
byan1241	Byangsi	Sino-Tibetan	Eurasia	182	168	108	64.29
djin1251	Jingulu	Mirndi	Australia	166	154	99	64.29
kagf1238	Ut-Main	Atlantic-Congo	Africa	86	84	54	64.29
koti1238	Koti	Atlantic-Congo	Africa	182	168	108	64.29
siee1239	Sie	Austronesian	Papunesia	166	154	99	64.29
amdo1237	Amdo Tibetan	Sino-Tibetan	Eurasia	177	165	106	64.24
eyak1241	Eyak	Athabaskan-Eyak-Tlingit	North America	174	165	106	64.24
olut1240	Oluta Popoluca	Mixe-Zoque	North America	180	165	106	64.24
teda1241	Tedaga	Saharan	Africa	160	151	97	64.24
ilon1239	Ilongot	Austronesian	Papunesia	145	137	88	64.23
dzon1239	Dzongkha	Sino-Tibetan	Eurasia	175	162	104	64.2
kara1500	Karajá	Nuclear-Macro-Je	South America	176	162	104	64.2
mapu1245	Mapudungun	Araucanian	South America	190	176	113	64.2
nort2745	Northern Yukaghir	Yukaghir	Eurasia	191	176	113	64.2
olde1238	Old English (ca. 450-1100)	Indo-European	Eurasia	191	176	113	64.2
sars1236	Sarsi	Athabaskan-Eyak-Tlingit	North America	176	162	104	64.2
sout2826	Southern Grebo	Kru	Africa	85	81	52	64.2
bian1252	Biangai	Goilalan	Papunesia	155	148	95	64.19
tusc1257	Tuscarora	Iroquoian	North America	158	148	95	64.19
alya1239	Alyawarr	Pama-Nyungan	Australia	68	67	43	64.18
kapi1249	Kapingamarangi	Austronesian	Papunesia	72	67	43	64.18
sout2912	Coastal-Virac Bikol	Austronesian	Papunesia	128	120	77	64.17
cong1236	Congo Swahili	Atlantic-Congo	Africa	111	106	68	64.15
yaka1269	Yaka-Pelende-Lonzo	Atlantic-Congo	Africa	109	106	68	64.15
zays1235	Zayse-Zergulla	Ta-Ne-Omotic	Africa	171	159	102	64.15
apur1254	Apurinã	Arawakan	South America	155	145	93	64.14
awji1241	Awjilah	Afro-Asiatic	Africa	145	131	84	64.12
mezq1235	Mezquital Otomi	Otomanguean	North America	185	170	109	64.12
neha1247	Nehan	Austronesian	Papunesia	139	131	84	64.12
arop1242	Arop-Sissano	Austronesian	Papunesia	164	156	100	64.1
dibo1245	Dibole	Atlantic-Congo	Africa	124	117	75	64.1
fait1240	Kulsab	Nuclear Trans New Guinea	Papunesia	126	117	75	64.1
chot1239	Chothe	Sino-Tibetan	Eurasia	176	167	107	64.07
luis1253	Luiseno-Juaneño	Uto-Aztecan	North America	181	167	107	64.07
diri1252	Diriku-Shambyu	Atlantic-Congo	Africa	137	128	82	64.06
giiw1236	Giiwo	Afro-Asiatic	Africa	70	64	41	64.06
suru1261	Suruí Do Pará	Tupian	South America	68	64	41	64.06
ikkk1242	Ik	Kuliak	Africa	167	153	98	64.05
pano1255	Panobo	Pano-Tacanan	South America	163	153	98	64.05
stan1318	Standard Arabic	Afro-Asiatic	Eurasia	167	153	98	64.05
ashe1272	Ashéninka Perené	Arawakan	South America	193	178	114	64.04
slov1268	Slovenian	Indo-European	Eurasia	192	178	114	64.04
bond1245	Bondo	Austroasiatic	Eurasia	152	139	89	64.03
ivat1242	Itbayat	Austronesian	Papunesia	176	164	105	64.02
kile1243	Kilen	Tungusic	Eurasia	188	175	112	64
klam1254	Klamath-Modoc		North America	164	150	96	64
labu1249	Labuk-Kinabatangan Kadazan	Austronesian	Papunesia	104	100	64	64
libi1244	Libinza	Atlantic-Congo	Africa	134	125	80	64
lomb1257	Lombard	Indo-European	Eurasia	190	175	112	64
mari1416	Maring Naga	Sino-Tibetan	Eurasia	159	150	96	64
nisg1240	Nisga'a	Tsimshian	North America	162	150	96	64
pele1245	Pele-Ata		Papunesia	51	50	32	64
aghu1255	Aghu	Nuclear Trans New Guinea	Papunesia	175	161	103	63.98
sunw1242	Sunwar	Sino-Tibetan	Eurasia	174	161	103	63.98
kala1388	Kalagan	Austronesian	Papunesia	150	136	87	63.97
munc1235	Mün Chin	Sino-Tibetan	Eurasia	186	172	110	63.95
sout2996	Southern Aymara	Aymaran	South America	186	172	110	63.95
waim1251	Waima	Austronesian	Papunesia	186	172	110	63.95
alba1269	Inland-Buhi-Daraga Bikol	Austronesian	Papunesia	128	122	78	63.93
dagi1241	Dagik	Narrow Talodi	Africa	167	158	101	63.92
kaki1249	Kaki Ae		Papunesia	138	133	85	63.91
kuku1273	Kuku-Yalanji	Pama-Nyungan	Australia	184	169	108	63.91
idum1241	Idu	Sino-Tibetan	Eurasia	151	144	92	63.89
mund1320	Mundari	Austroasiatic	Eurasia	156	144	92	63.89
paul1238	Paulohi	Austronesian	Papunesia	170	155	99	63.87
saba1268	Sabanê	Nambiquaran	South America	169	155	99	63.87
sara1327	Sarangani Manobo	Austronesian	Papunesia	130	119	76	63.87
mikm1235	Mi'kmaq	Algic	North America	179	166	106	63.86
tang1377	Tangam	Sino-Tibetan	Eurasia	179	166	106	63.86
dual1243	Duala	Atlantic-Congo	Africa	138	130	83	63.85
gulf1241	Gulf Arabic	Afro-Asiatic	Eurasia	154	141	90	63.83
tabo1241	Tabo		Papunesia	165	152	97	63.82
mana1295	Manam	Austronesian	Papunesia	175	163	104	63.8
hurr1240	Hurrian	Hurro-Urartian	Eurasia	125	116	74	63.79
nina1238	Ninam	Yanomamic	South America	61	58	37	63.79
xamt1239	Xamtanga	Afro-Asiatic	Africa	189	174	111	63.79
toma1245	Toma	Mande	Africa	135	127	81	63.78
sile1255	Sirva	Nuclear Trans New Guinea	Papunesia	157	149	95	63.76
tene1248	Tengou-Togo Dogon	Dogon	Africa	163	149	95	63.76
agua1253	Aguaruna	Chicham	South America	170	160	102	63.75
benc1235	Bench	Ta-Ne-Omotic	Africa	82	80	51	63.75
high1276	Highland Popoluca	Mixe-Zoque	North America	186	171	109	63.74
kaik1246	Kaike	Sino-Tibetan	Eurasia	184	171	109	63.74
nava1243	Navajo	Athabaskan-Eyak-Tlingit	North America	185	171	109	63.74
sumi1235	Sumi Naga	Sino-Tibetan	Eurasia	185	171	109	63.74
miam1252	Miami	Algic	North America	120	113	72	63.72
cent2126	Central Okinawan	Japonic	Eurasia	153	146	93	63.7
fass1245	Momu-Fas	Baibai-Fas	Papunesia	144	135	86	63.7
tenn1246	Tennet	Surmic	Africa	158	146	93	63.7
sauk1252	Ma Manda	Nuclear Trans New Guinea	Papunesia	181	168	107	63.69
sout2959	South Slavey	Athabaskan-Eyak-Tlingit	North America	194	179	114	63.69
wayu1241	Wayu	Sino-Tibetan	Eurasia	183	168	107	63.69
bela1260	Lemeting	Austronesian	Papunesia	92	88	56	63.64
cent2140	Central Sierra Miwok	Miwok-Costanoan	North America	167	154	98	63.64
dhar1248	Dharumbal	Pama-Nyungan	Australia	74	66	42	63.64
iatm1242	Iatmul	Ndu	Papunesia	191	176	112	63.64
liby1240	Libyan Arabic	Afro-Asiatic	Africa	167	154	98	63.64
mont1268	Montagnais	Algic	North America	134	121	77	63.64
nucl1593	Kwomtari	Kwomtari-Nai	Papunesia	175	165	105	63.64
okoe1238	Oko-Eni-Osayen	Atlantic-Congo	Africa	102	99	63	63.64
quap1242	Quapaw	Siouan	North America	154	143	91	63.64
weri1253	Weri	Goilalan	Papunesia	165	154	98	63.64
alag1248	Alagwa	Afro-Asiatic	Africa	183	173	110	63.58
guru1261	Gurung	Sino-Tibetan	Eurasia	174	162	103	63.58
nila1242	Nilamba	Atlantic-Congo	Africa	162	151	96	63.58
sais1237	Saisiyat	Austronesian	Papunesia	188	173	110	63.58
savo1255	Savosavo		Papunesia	185	173	110	63.58
tuka1248	Tukang Besi North	Austronesian	Papunesia	175	162	103	63.58
west2557	Western Subanon	Austronesian	Papunesia	175	162	103	63.58
cofa1242	Cofán		South America	137	129	82	63.57
hass1238	Hassaniyya	Afro-Asiatic	Africa	142	129	82	63.57
bata1285	Batanga	Atlantic-Congo	Africa	113	107	68	63.55
bamw1238	Bamwe	Atlantic-Congo	Africa	102	96	61	63.54
rapo1238	Rapoisi	North Bougainville	Papunesia	101	96	61	63.54
chug1252	Duhumbi	Sino-Tibetan	Eurasia	184	170	108	63.53
koda1255	Kodava	Dravidian	Eurasia	182	170	108	63.53
kova1243	Kovai	Nuclear Trans New Guinea	Papunesia	88	85	54	63.53
pila1245	Pilagá	Guaicuruan	South America	183	170	108	63.53
moyo1238	Moyon	Sino-Tibetan	Eurasia	167	159	101	63.52
nucl1633	Nimboran	Nimboranic	Papunesia	171	159	101	63.52
mbya1239	Mbyá Guaraní	Tupian	South America	161	148	94	63.51
musa1266	Aisi	Nuclear Trans New Guinea	Papunesia	158	148	94	63.51
lian1251	Liangmai Naga	Sino-Tibetan	Eurasia	133	126	80	63.49
kenu1236	Kenuzi-Dongola	Nubian	Africa	193	178	113	63.48
chuw1238	Chuwabu	Atlantic-Congo	Africa	180	167	106	63.47
okan1243	Okanagan	Salishan	North America	181	167	106	63.47
seri1257	Seri		North America	181	167	106	63.47
bent1238	Ben Tey Dogon	Dogon	Africa	170	156	99	63.46
binu1244	Talaandig-Binukid	Austronesian	Papunesia	108	104	66	63.46
lito1235	Litoka	Atlantic-Congo	Africa	97	93	59	63.44
boun1245	Bo-Ung	Nuclear Trans New Guinea	Papunesia	145	134	85	63.43
doma1260	Domaaki	Indo-European	Eurasia	144	134	85	63.43
dyan1250	Dyangadi	Pama-Nyungan	Australia	190	175	111	63.43
rama1270	Rama	Chibchan	North America	145	134	85	63.43
bafa1247	Bafaw-Balong	Atlantic-Congo	Africa	130	123	78	63.41
gaam1241	Gaam	Eastern Jebel	Africa	83	82	52	63.41
koor1239	Koorete	Ta-Ne-Omotic	Africa	175	164	104	63.41
warl1255	Warlmanpa	Pama-Nyungan	Australia	41	41	26	63.41
yura1255	Yuracaré		South America	177	164	104	63.41
gata1239	Gata'	Austroasiatic	Eurasia	156	142	90	63.38
haaa1252	Ha	Atlantic-Congo	Africa	187	172	109	63.37
moro1287	Moronene	Austronesian	Papunesia	106	101	64	63.37
mudu1242	Muduapa	Austronesian	Papunesia	186	172	109	63.37
xhos1239	Xhosa	Atlantic-Congo	Africa	141	131	83	63.36
orma1241	Orma	Afro-Asiatic	Africa	128	120	76	63.33
djam1255	Jaminjung-Ngaliwurru	Mirndi	Australia	184	169	107	63.31
koon1244	South-Central Koongo	Atlantic-Congo	Africa	153	139	88	63.31
kama1370	Kamano	Nuclear Trans New Guinea	Papunesia	116	109	69	63.3
nyal1250	Nyali	Atlantic-Congo	Africa	118	109	69	63.3
chir1283	Chiru	Sino-Tibetan	Eurasia	170	158	100	63.29
maba1277	Maba (Chad)	Maban	Africa	172	158	100	63.29
kumb1268	Kumbainggar	Pama-Nyungan	Australia	192	177	112	63.28
koir1240	Koireng	Sino-Tibetan	Eurasia	155	147	93	63.27
yaey1239	Yaeyama	Japonic	Eurasia	155	147	93	63.27
ngit1239	Ngiti	Central Sudanic	Africa	180	166	105	63.25
nzak1247	Nzakara	Atlantic-Congo	Africa	130	117	74	63.25
east2690	Eastern Egyptian Bedawi Arabic	Afro-Asiatic	Eurasia	147	136	86	63.24
kunz1244	Kunza		South America	72	68	43	63.24
waru1264	Warrongo	Pama-Nyungan	Australia	72	68	43	63.24
pang1287	Pangwa	Atlantic-Congo	Africa	167	155	98	63.23
eipo1242	Eipomek	Nuclear Trans New Guinea	Papunesia	184	174	110	63.22
kelo1247	Klon	Timor-Alor-Pantar	Papunesia	91	87	55	63.22
kima1244	Kimaragang	Austronesian	Papunesia	90	87	55	63.22
rawa1267	Rawa	Nuclear Trans New Guinea	Papunesia	89	87	55	63.22
chim1309	Chimila	Chibchan	South America	136	125	79	63.2
yank1247	Yankunytjatjara	Pama-Nyungan	Australia	135	125	79	63.2
bugl1243	Buglere	Chibchan	North America	157	144	91	63.19
shor1247	Shor	Turkic	Eurasia	175	163	103	63.19
than1259	Thangmi	Sino-Tibetan	Eurasia	177	163	103	63.19
wash1253	Washo		North America	152	144	91	63.19
argo1244	Argobba	Afro-Asiatic	Africa	184	171	108	63.16
biaf1240	Biafada	Atlantic-Congo	Africa	123	114	72	63.16
bira1253	Ongota		Africa	163	152	96	63.16
furr1244	Fur	Furan	Africa	182	171	108	63.16
sora1254	Sora	Austroasiatic	Eurasia	145	133	84	63.16
toll1241	Tol	Jicaquean	North America	141	133	84	63.16
ajyi1238	Ajyíninka Apurucayali	Arawakan	South America	69	65	41	63.08
ibal1244	Ibaloi	Austronesian	Papunesia	169	157	99	63.06
mari1414	Maria (India)	Dravidian	Eurasia	119	111	70	63.06
peng1244	Pengo	Dravidian	Eurasia	171	157	99	63.06
tora1259	Torau	Austronesian	Papunesia	119	111	70	63.06
kava1241	Kavalan	Austronesian	Papunesia	148	138	87	63.04
bujh1238	Bujhyal	Sino-Tibetan	Eurasia	179	165	104	63.03
yaoo1241	Yao	Atlantic-Congo	Africa	137	127	80	62.99
como1259	Comox	Salishan	North America	177	162	102	62.96
gbay1278	Gbayi	Atlantic-Congo	Africa	58	54	34	62.96
maga1263	Mag-Anchi Ayta	Austronesian	Papunesia	61	54	34	62.96
maqu1238	Ye'kwana	Cariban	South America	56	54	34	62.96
geda1237	Gedaged	Austronesian	Papunesia	151	143	90	62.94
pend1242	Pendau	Austronesian	Papunesia	185	170	107	62.94
tsam1247	Tsamai	Afro-Asiatic	Africa	185	170	107	62.94
gali1258	Galician	Indo-European	Eurasia	192	178	112	62.92
loth1237	Lotha Naga	Sino-Tibetan	Eurasia	160	151	95	62.91
mako1251	Makonde	Atlantic-Congo	Africa	164	151	95	62.91
west2615	Western Apache	Athabaskan-Eyak-Tlingit	North America	164	151	95	62.91
bong1284	Bongili	Atlantic-Congo	Africa	102	97	61	62.89
yaka1272	Yaka (Central African Republic)	Atlantic-Congo	Africa	140	132	83	62.88
coma1245	Comanche	Uto-Aztecan	North America	182	167	105	62.87
ndam1239	Ndamba	Atlantic-Congo	Africa	180	167	105	62.87
tuvi1240	Tuvinian	Turkic	Eurasia	154	140	88	62.86
west2392	Western Mari	Uralic	Eurasia	153	140	88	62.86
even1259	Evenki	Tungusic	Eurasia	158	148	93	62.84
kara1487	Karao	Austronesian	Papunesia	160	148	93	62.84
meru1245	Meru	Atlantic-Congo	Africa	162	148	93	62.84
bare1276	Baré	Arawakan	South America	117	113	71	62.83
nucl1630	Barai	Koiarian	Papunesia	168	156	98	62.82
mend1268	Mende (Papua New Guinea)	Sepik	Papunesia	87	86	54	62.79
nucl1301	Turkish	Turkic	Eurasia	195	180	113	62.78
peer1241	Peere	Atlantic-Congo	Africa	147	137	86	62.77
amar1274	Amarakaeri	Harakmbut	South America	154	145	91	62.76
bezh1248	Bezhta	Nakh-Daghestanian	Eurasia	158	145	91	62.76
east2694	Eastern Subanen	Austronesian	Papunesia	109	102	64	62.75
gros1243	Gros Ventre	Algic	North America	161	153	96	62.75
nalc1240	Nalca	Nuclear Trans New Guinea	Papunesia	108	102	64	62.75
wath1238	Wathawurrung	Pama-Nyungan	Australia	55	51	32	62.75
opat1246	Teguima	Uto-Aztecan	North America	120	110	69	62.73
seve1240	Severn Ojibwa	Algic	North America	176	161	101	62.73
east2555	Eastern Bolivian Guaraní	Tupian	South America	182	169	106	62.72
isth1242	Isthmus-Mecayapan Nahuatl	Uto-Aztecan	North America	123	118	74	62.71
kona1242	Konai	East Strickland	Papunesia	188	177	111	62.71
meke1243	Mekeo	Austronesian	Papunesia	192	177	111	62.71
mamv1243	Mamvu	Central Sudanic	Africa	136	126	79	62.7
mang1394	Mangbetu	Central Sudanic	Africa	154	142	89	62.68
tari1263	Tarifiyt-Beni-Iznasen-Eastern Middle Atlas Berber	Afro-Asiatic	Africa	151	142	89	62.68
dand1238	Dandami Maria	Dravidian	Eurasia	161	150	94	62.67
maia1253	Maiani	Nuclear Trans New Guinea	Papunesia	79	75	47	62.67
mwan1247	Mwani	Atlantic-Congo	Africa	157	150	94	62.67
boro1277	Boro (Ethiopia)	Ta-Ne-Omotic	Africa	176	166	104	62.65
diga1241	Tawra	Sino-Tibetan	Eurasia	178	166	104	62.65
huar1255	Huarijio	Uto-Aztecan	North America	181	166	104	62.65
abkh1244	Abkhaz	Abkhaz-Adyge	Eurasia	188	174	109	62.64
niva1238	Nivaclé	Matacoan	South America	188	174	109	62.64
noon1242	Noon	Atlantic-Congo	Africa	188	174	109	62.64
mong1338	Mongo	Atlantic-Congo	Africa	124	115	72	62.61
nama1268	Namakura	Austronesian	Papunesia	120	115	72	62.61
lozi1239	Lozi	Atlantic-Congo	Africa	137	131	82	62.6
saam1283	Saamia	Atlantic-Congo	Africa	134	123	77	62.6
poko1263	Pökoot	Nilotic	Africa	153	139	87	62.59
taia1239	Taiap		Papunesia	151	147	92	62.59
aime1238	Aimele	Bosavi	Papunesia	177	163	102	62.58
kari1254	Kariri		South America	177	163	102	62.58
siks1238	Siksika	Algic	North America	162	155	97	62.58
siwi1239	Siwi	Afro-Asiatic	Africa	168	155	97	62.58
ugar1238	Ugaritic	Afro-Asiatic	Eurasia	168	155	97	62.58
yuki1243	Northern Yukian	Yuki-Wappo	North America	175	163	102	62.58
nort2942	North Slavey	Athabaskan-Eyak-Tlingit	North America	194	179	112	62.57
bamb1266	Bambili-Bambui	Atlantic-Congo	Africa	32	32	20	62.5
bori1243	Bori-Karko	Sino-Tibetan	Eurasia	152	144	90	62.5
cent2091	Central Palawano	Austronesian	Papunesia	90	80	50	62.5
kosa1249	Kosarek Yale	Nuclear Trans New Guinea	Papunesia	169	160	100	62.5
nalo1235	Nalögo	Austronesian	Papunesia	33	32	20	62.5
pano1254	Panoan Katukína	Pano-Tacanan	South America	132	120	75	62.5
taro1264	Seediq	Austronesian	Papunesia	75	72	45	62.5
yems1235	Yemsa	Ta-Ne-Omotic	Africa	182	168	105	62.5
yind1248	Yindjilandji	Pama-Nyungan	Australia	75	72	45	62.5
nort2697	North Azerbaijani	Turkic	Eurasia	188	173	108	62.43
sout1528	Serbian-Croatian-Bosnian	Indo-European	Eurasia	187	173	108	62.43
qima1242	Qimant	Afro-Asiatic	Africa	166	157	98	62.42
roto1249	Rotokas	North Bougainville	Papunesia	179	165	103	62.42
uppe1439	Upper Chehalis	Salishan	North America	164	157	98	62.42
sant1410	Santali	Austroasiatic	Eurasia	155	141	88	62.41
nort2795	Zimbabwean Ndebele	Atlantic-Congo	Africa	96	93	58	62.37
nort2959	Northern Tepehuan	Uto-Aztecan	North America	184	170	106	62.35
russ1264	Russia Buriat	Mongolic-Khitan	Eurasia	175	162	101	62.35
budu1248	Budukh	Nakh-Daghestanian	Eurasia	158	146	91	62.33
trin1274	Trinitario-Javeriano-Loretano	Arawakan	South America	146	138	86	62.32
yamp1242	Yamphu	Sino-Tibetan	Eurasia	140	130	81	62.31
arab1267	Arabana	Pama-Nyungan	Australia	62	61	38	62.3
bara1380	Barasana-Eduria	Tucanoan	South America	65	61	38	62.3
kank1243	Kankanaey	Austronesian	Papunesia	180	167	104	62.28
kuan1247	Kuanyama	Atlantic-Congo	Africa	173	159	99	62.26
malt1254	Maltese	Afro-Asiatic	Eurasia	173	159	99	62.26
teun1241	Te'un	Austronesian	Papunesia	53	53	33	62.26
madn1237	Madngele	Eastern Daly	Australia	152	143	89	62.24
pawn1254	Pawnee	Caddoan	North America	156	143	89	62.24
araw1273	Araweté	Tupian	South America	148	135	84	62.22
aton1241	Atong (India)	Sino-Tibetan	Eurasia	194	180	112	62.22
taul1251	Taulil	Taulil-Butam	Papunesia	187	172	107	62.21
yaki1237	Northwest Sahaptin	Sahaptian	North America	187	172	107	62.21
domm1246	Dom	Nuclear Trans New Guinea	Papunesia	179	164	102	62.2
kiow1266	Kiowa	Kiowa-Tanoan	North America	177	164	102	62.2
more1259	Morelos Nahuatl	Uto-Aztecan	North America	135	127	79	62.2
suku1259	Suku	Atlantic-Congo	Africa	134	127	79	62.2
swah1253	Swahili	Atlantic-Congo	Africa	178	164	102	62.2
bang1354	Bobangi	Atlantic-Congo	Africa	151	140	87	62.14
brah1256	Brahui	Dravidian	Eurasia	151	140	87	62.14
shua1257	Shuar	Chicham	South America	147	140	87	62.14
kett1243	Ket	Yeniseian	Eurasia	183	169	105	62.13
baik1238	Baikeno	Austronesian	Papunesia	103	95	59	62.11
nend1239	Nend	Nuclear Trans New Guinea	Papunesia	169	161	100	62.11
korr1238	Korra Koraga	Dravidian	Eurasia	133	124	77	62.1
chiq1248	Lomeriano-Ignaciano Chiquitano	Chiquitano	South America	166	153	95	62.09
hava1248	Havasupai-Walapai-Yavapai	Cochimi-Yuman	North America	165	153	95	62.09
leco1242	Leco		South America	162	153	95	62.09
muru1266	Muruwari	Pama-Nyungan	Australia	157	145	90	62.07
nuku1260	Nukuoro	Austronesian	Papunesia	120	116	72	62.07
pana1307	Panará	Nuclear-Macro-Je	South America	156	145	90	62.07
trio1238	Trió	Cariban	South America	188	174	108	62.07
mose1249	Mosetén-Chimané		South America	179	166	103	62.05
bula1255	Bularnu	Pama-Nyungan	Australia	114	108	67	62.04
khar1287	Kharia	Austroasiatic	Eurasia	172	158	98	62.03
mehe1243	Mehek	Sepik	Papunesia	165	158	98	62.03
yecu1235	Yecuatla Totonac	Totonacan	North America	172	158	98	62.03
nort3139	North Levantine Arabic	Afro-Asiatic	Eurasia	163	150	93	62
yukp1241	Yukpa	Cariban	South America	106	100	62	62
halh1238	Halh Mongolian	Mongolic-Khitan	Eurasia	185	171	106	61.99
bina1277	Binandere	Nuclear Trans New Guinea	Papunesia	150	142	88	61.97
sanu1240	Sanumá	Yanomamic	South America	150	142	88	61.97
west2386	Western Panjabi	Indo-European	Eurasia	150	142	88	61.97
koro1312	Korowai	Nuclear Trans New Guinea	Papunesia	96	92	57	61.96
west2635	Akateko	Mayan	North America	178	163	101	61.96
bodo1269	Bodo-Mech	Sino-Tibetan	Eurasia	167	155	96	61.94
cacu1241	Kakua	Kakua-Nukak	South America	168	155	96	61.94
jams1239	Jamsay Dogon	Dogon	Africa	169	155	96	61.94
digo1243	Digo	Atlantic-Congo	Africa	190	176	109	61.93
gira1247	Girawa	Nuclear Trans New Guinea	Papunesia	169	160	99	61.88
yind1247	Yindjibarndi	Pama-Nyungan	Australia	174	160	99	61.88
akaj1239	Akajeru	Great Andamanese	Eurasia	99	97	60	61.86
sier1248	Sierra Negra Nahuatl	Uto-Aztecan	North America	145	131	81	61.83
akan1250	Akan	Atlantic-Congo	Africa	57	55	34	61.82
walm1241	Walmajarri	Pama-Nyungan	Australia	57	55	34	61.82
siwa1245	Siwai	South Bougainville	Papunesia	93	89	55	61.8
makh1264	Makhuwa	Atlantic-Congo	Africa	168	157	97	61.78
lund1266	Lunda	Atlantic-Congo	Africa	150	136	84	61.76
kony1248	Konyak Naga	Sino-Tibetan	Eurasia	175	162	100	61.73
reye1240	Reyesano	Pano-Tacanan	South America	139	128	79	61.72
atak1252	Atakapa		North America	149	141	87	61.7
soli1239	Soli	Atlantic-Congo	Africa	101	94	58	61.7
chol1284	Cholón	Hibito-Cholon	South America	181	167	103	61.68
komi1269	Komi-Permyak	Uralic	Eurasia	181	167	103	61.68
kera1248	Keerak	Atlantic-Congo	Africa	128	120	74	61.67
nana1257	Nanai	Tungusic	Eurasia	195	180	111	61.67
wutu1241	Wutunhua	Sino-Tibetan	Eurasia	195	180	111	61.67
cald1236	Calderón Highland Quichua	Quechuan	South America	155	146	90	61.64
shol1240	Sholaga	Dravidian	Eurasia	172	159	98	61.64
eton1253	Eton-Mengisa	Atlantic-Congo	Africa	115	112	69	61.61
mala1534	Malaweg	Austronesian	Papunesia	122	112	69	61.61
bamb1270	Bambam	Austronesian	Papunesia	134	125	77	61.6
lamb1272	Lambya	Atlantic-Congo	Africa	132	125	77	61.6
tote1238	Totela	Atlantic-Congo	Africa	161	151	93	61.59
wola1253	Wolane	Afro-Asiatic	Africa	165	151	93	61.59
xokl1240	Xokleng	Nuclear-Macro-Je	South America	150	138	85	61.59
nucl1305	Kannada	Dravidian	Eurasia	191	177	109	61.58
puri1258	Purik-Sham-Nubra	Sino-Tibetan	Eurasia	189	177	109	61.58
wara1294	Anta-Komnzo-Wára-Wérè-Kémä	Yam	Papunesia	192	177	109	61.58
anta1255	Antankarana Malagasy	Austronesian	Africa	102	91	56	61.54
esse1238	Esselen		North America	110	104	64	61.54
maia1254	Maia	Nuclear Trans New Guinea	Papunesia	80	78	48	61.54
mans1262	Mansaka	Austronesian	Papunesia	127	117	72	61.54
mido1240	Midob	Nubian	Africa	55	52	32	61.54
nucl1632	Sentani	Sentanic	Papunesia	143	130	80	61.54
puka1242	Pukapuka	Austronesian	Papunesia	154	143	88	61.54
yulp1239	Yulparija	Pama-Nyungan	Australia	156	143	88	61.54
awet1244	Awetí	Tupian	South America	161	148	91	61.49
dima1251	Dimasa	Sino-Tibetan	Eurasia	187	174	107	61.49
raji1240	Raji	Sino-Tibetan	Eurasia	153	148	91	61.49
nyis1236	Nyishi-Hill Miri	Sino-Tibetan	Eurasia	146	135	83	61.48
aben1249	Abenlen Ayta	Austronesian	Papunesia	90	83	51	61.45
crim1257	Crimean Tatar	Turkic	Eurasia	179	166	102	61.45
huic1243	Huichol	Uto-Aztecan	North America	179	166	102	61.45
ndom1245	Ndom	Kolopom	Papunesia	74	70	43	61.43
nucl1595	Kwerba	Greater Kwerba	Papunesia	132	127	78	61.42
waga1260	Wagaya	Pama-Nyungan	Australia	134	127	78	61.42
lega1250	Lega-Mwenga	Atlantic-Congo	Africa	120	114	70	61.4
babi1235	Witsuwit'en-Babine	Athabaskan-Eyak-Tlingit	North America	169	158	97	61.39
beem1239	Beembe	Atlantic-Congo	Africa	144	132	81	61.36
hadz1240	Hadza		Africa	190	176	108	61.36
kesa1244	Kesawai	Nuclear Trans New Guinea	Papunesia	188	176	108	61.36
koya1251	Koya	Dravidian	Eurasia	137	132	81	61.36
fuln1247	Fulniô		South America	177	163	100	61.35
guiq1238	Guiqiong	Sino-Tibetan	Eurasia	177	163	100	61.35
darg1241	North-Central Dargwa	Nakh-Daghestanian	Eurasia	146	137	84	61.31
dumi1241	Dumi	Sino-Tibetan	Eurasia	166	155	95	61.29
loup1243	Loup A	Algic	North America	132	124	76	61.29
macu1259	Macushi	Cariban	South America	66	62	38	61.29
woiw1237	Woiwurrung-Thagungwurrung	Pama-Nyungan	Australia	99	93	57	61.29
amah1246	Amahuaca	Pano-Tacanan	South America	153	142	87	61.27
assi1247	Assiniboine	Siouan	North America	185	173	106	61.27
ngal1292	Ngalkbun	Gunwinyguan	Australia	188	173	106	61.27
nyak1260	Nyakyusa-Ngonde	Atlantic-Congo	Africa	153	142	87	61.27
kota1263	Kota (India)	Dravidian	Eurasia	158	147	90	61.22
mali1284	Mali	Baining	Papunesia	102	98	60	61.22
suab1238	Suabo	Inanwatan	Papunesia	101	98	60	61.22
sout2649	Southern Pashto	Indo-European	Eurasia	176	165	101	61.21
adny1235	Adnyamathanha	Pama-Nyungan	Australia	131	126	77	61.11
amii1238	Ami	Western Daly	Australia	174	162	99	61.11
gang1267	Ganggalida	Tangkic	Australia	94	90	55	61.11
uppe1275	Upper Necaxa Totonac	Totonacan	North America	176	162	99	61.11
muru1274	Murui Huitoto	Huitotoan	South America	182	167	102	61.08
tata1255	Tatar	Turkic	Eurasia	176	167	102	61.08
nsen1242	Nsenga	Atlantic-Congo	Africa	160	149	91	61.07
nyat1246	Nyaturu	Atlantic-Congo	Africa	160	149	91	61.07
imba1240	Imbabura Highland Quichua	Quechuan	South America	192	177	108	61.02
mang1381	Mangarrayi	Mangarrayi-Maran	Australia	192	177	108	61.02
nyig1240	Nyigina	Nyulnyulan	Australia	128	118	72	61.02
iron1242	Iron Ossetian	Indo-European	Eurasia	172	159	97	61.01
papa1238	Papantla Totonac	Totonacan	North America	128	123	75	60.98
sooo1256	Soo	Kuliak	Africa	82	82	50	60.98
lumu1239	Lumun	Narrow Talodi	Africa	187	174	106	60.92
sout2949	Southern Kiwai	Kiwaian	Papunesia	89	87	53	60.92
foii1241	Foi	East Kutubu	Papunesia	118	110	67	60.91
chep1245	Chepang	Sino-Tibetan	Eurasia	163	156	95	60.9
cota1241	Cotabato Manobo	Austronesian	Papunesia	145	133	81	60.9
pare1266	Gorum-Parenga	Austroasiatic	Eurasia	146	133	81	60.9
saki1248	Mekens	Tupian	South America	139	133	81	60.9
cent2127	Central Alaskan Yupik	Eskimo-Aleut	North America	194	179	109	60.89
anua1242	Anuak	Nilotic	Africa	71	69	42	60.87
gand1255	Ganda	Atlantic-Congo	Africa	148	138	84	60.87
jaqa1244	Jaqaru	Aymaran	South America	150	138	84	60.87
jeru1240	Jerung	Sino-Tibetan	Eurasia	145	138	84	60.87
kobo1249	Kobon	Nuclear Trans New Guinea	Papunesia	96	92	56	60.87
tawa1275	Tawala	Austronesian	Papunesia	96	92	56	60.87
puel1244	Puelche		South America	128	120	73	60.83
waim1253	Waimiri-Atroari	Cariban	South America	127	120	73	60.83
dhim1246	Dhimal	Sino-Tibetan	Eurasia	185	171	104	60.82
guar1293	Baniva de Maroa	Arawakan	South America	101	97	59	60.82
taga1270	Tagalog	Austronesian	Papunesia	101	97	59	60.82
czec1258	Czech	Indo-European	Eurasia	191	176	107	60.8
hung1274	Hungarian	Uralic	Eurasia	189	176	107	60.8
onon1246	Onondaga	Iroquoian	North America	190	176	107	60.8
elna1235	El Nayar Cora	Uto-Aztecan	North America	162	153	93	60.78
obom1235	Obo Manobo	Austronesian	Papunesia	54	51	31	60.78
bidy1244	Kanyaki-Kagbaaga-Kajoko Bidyogo	Atlantic-Congo	Africa	138	130	79	60.77
raut1239	Raute	Sino-Tibetan	Eurasia	133	130	79	60.77
lazz1240	Laz	Kartvelian	Eurasia	171	158	96	60.76
waru1265	Warumungu	Pama-Nyungan	Australia	173	158	96	60.76
west2415	Western Tamang	Sino-Tibetan	Eurasia	170	158	96	60.76
iraq1241	Iraqw	Afro-Asiatic	Africa	116	112	68	60.71
kala1399	Kalaallisut	Eskimo-Aleut	North America	182	168	102	60.71
orok1265	Orok	Tungusic	Eurasia	151	140	85	60.71
woun1238	Woun Meu	Chocoan	South America	150	140	85	60.71
arap1274	Arapaho	Algic	North America	188	173	105	60.69
lonw1238	Lonwolwol	Austronesian	Papunesia	126	117	71	60.68
yakk1236	Yakkha	Sino-Tibetan	Eurasia	160	150	91	60.67
vwan1235	Vwanji	Atlantic-Congo	Africa	129	122	74	60.66
caml1239	Camling	Sino-Tibetan	Eurasia	170	155	94	60.65
gofa1235	Gofa	Ta-Ne-Omotic	Africa	169	155	94	60.65
yale1246	Yale		Papunesia	173	160	97	60.62
mori1269	Mori Atas	Austronesian	Papunesia	105	99	60	60.61
toba1268	Toba-Maskoy	Lengua-Mascoy	South America	190	175	106	60.57
chuk1273	Chukchi	Chukotko-Kamchatkan	Eurasia	195	180	109	60.56
gahr1239	Bunan	Sino-Tibetan	Eurasia	195	180	109	60.56
kani1286	Kanite	Nuclear Trans New Guinea	Papunesia	149	142	86	60.56
kwin1241	Kwini	Worrorran	Australia	160	147	89	60.54
misk1235	Mískito	Misumalpan	North America	162	152	92	60.53
nyul1247	Nyulnyul	Nyulnyulan	Australia	159	152	92	60.53
tulu1258	Tulu	Dravidian	Eurasia	163	152	92	60.53
wayu1243	Wayuu	Arawakan	South America	117	114	69	60.53
sume1241	Sumerian		Eurasia	167	157	95	60.51
bada1257	Badaga	Dravidian	Eurasia	127	119	72	60.5
bund1253	Bundeli	Indo-European	Eurasia	173	162	98	60.49
auye1238	Auye	Nuclear Trans New Guinea	Papunesia	179	167	101	60.48
here1253	Herero	Atlantic-Congo	Africa	187	172	104	60.47
warr1258	Warrwa	Nyulnyulan	Australia	137	129	78	60.47
alab1254	Alaba-K'abeena	Afro-Asiatic	Africa	192	177	107	60.45
hier1240	Hieroglyphic Luwian	Indo-European	Eurasia	142	134	81	60.45
miri1266	Miriwung	Jarrakan	Australia	142	134	81	60.45
thar1283	Tharaka	Atlantic-Congo	Africa	101	91	55	60.44
lakk1252	Lak	Nakh-Daghestanian	Eurasia	158	144	87	60.42
sout3236	Southern Gumuz	Gumuz	Africa	161	149	90	60.4
komi1270	Kom (India)	Sino-Tibetan	Eurasia	168	154	93	60.39
khal1275	Khaling	Sino-Tibetan	Eurasia	168	159	96	60.38
wang1291	Ngiyambaa	Pama-Nyungan	Australia	169	159	96	60.38
zigu1244	Zigula-Mushungulu	Atlantic-Congo	Africa	54	53	32	60.38
daai1236	Daai Chin	Sino-Tibetan	Eurasia	183	169	102	60.36
mila1245	Milang	Sino-Tibetan	Eurasia	193	179	108	60.34
dier1241	Dieri	Pama-Nyungan	Australia	66	63	38	60.32
rutu1240	Rutul	Nakh-Daghestanian	Eurasia	143	131	79	60.31
khin1240	Khinalug	Nakh-Daghestanian	Eurasia	153	141	85	60.28
guan1269	Kotiria	Tucanoan	South America	157	146	88	60.27
embe1260	Emberá-Catío	Chocoan	South America	164	151	91	60.26
gida1247	Gidar	Afro-Asiatic	Africa	80	78	47	60.26
xava1240	Xavánte	Nuclear-Macro-Je	South America	163	151	91	60.26
gube1234	Gubeeher-Gufangor-Gubelor	Atlantic-Congo	Africa	180	166	100	60.24
thur1254	Thurawal	Pama-Nyungan	Australia	86	83	50	60.24
coch1272	Cochimi	Cochimi-Yuman	North America	89	88	53	60.23
hadi1240	Hadiyya	Afro-Asiatic	Africa	189	176	106	60.23
kash1277	Kashmiri	Indo-European	Eurasia	184	171	103	60.23
utes1238	Ute-Southern Paiute	Uto-Aztecan	North America	184	171	103	60.23
yaku1245	Sakha	Turkic	Eurasia	190	176	106	60.23
high1243	Highland Totonac	Totonacan	North America	120	113	68	60.18
pait1244	Paite Chin	Sino-Tibetan	Eurasia	152	143	86	60.14
garo1247	Garo	Sino-Tibetan	Eurasia	164	153	92	60.13
kalm1243	Oirad-Kalmyk-Darkhat	Mongolic-Khitan	Eurasia	165	153	92	60.13
capa1241	Capanahua	Pano-Tacanan	South America	171	163	98	60.12
fuyu1242	Fuyug	Goilalan	Papunesia	180	168	101	60.12
turk1304	Turkmen	Turkic	Eurasia	181	168	101	60.12
chuv1255	Chuvash	Turkic	Eurasia	193	178	107	60.11
nucl1643	Japanese	Japonic	Eurasia	193	178	107	60.11
clas1250	Classical Nahuatl	Uto-Aztecan	North America	185	170	102	60
cogu1240	Cogui	Chibchan	South America	141	130	78	60
dara1250	Darai	Indo-European	Eurasia	178	165	99	60
inga1252	Colombian Inga	Quechuan	South America	69	65	39	60
loma1260	Loma (Liberia)	Mande	Africa	90	85	51	60
muna1247	Muna	Austronesian	Papunesia	99	95	57	60
ngaa1240	Ngaanyatjarra	Pama-Nyungan	Australia	154	145	87	60
nige1253	Hausa States Fulfulde	Atlantic-Congo	Africa	136	130	78	60
siyi1240	Sizang Chin	Sino-Tibetan	Eurasia	134	125	75	60
tama1331	Tama (Chad)	Tamaic	Africa	139	130	78	60
uman1240	Umanakaina	Dagan	Papunesia	99	95	57	60
ward1246	Wardaman	Yangmanic	Australia	164	150	90	60
west2594	Western Dani	Nuclear Trans New Guinea	Papunesia	188	175	105	60
yami1254	Yami	Austronesian	Papunesia	194	180	108	60
mais1250	Maisin	Austronesian	Papunesia	176	162	97	59.88
plai1258	Plains Cree	Algic	North America	174	162	97	59.88
taha1241	Tahaggart Tamahaq	Afro-Asiatic	Africa	176	162	97	59.88
nort2952	Northeast Maidu	Maiduan	North America	161	152	91	59.87
rata1244	Ratahan	Austronesian	Papunesia	166	157	94	59.87
tedi1235	Tedim Chin	Sino-Tibetan	Eurasia	170	157	94	59.87
yona1241	Yonaguni	Japonic	Eurasia	164	152	91	59.87
cent2087	Coastal-Naga Bikol	Austronesian	Papunesia	156	142	85	59.86
awap1236	Awa (Papua New Guinea)	Nuclear Trans New Guinea	Papunesia	136	127	76	59.84
maas1239	Maasina Fulfulde	Atlantic-Congo	Africa	133	127	76	59.84
pula1262	Pular	Atlantic-Congo	Africa	134	127	76	59.84
tain1253	Tainae	Angan	Papunesia	90	87	52	59.77
djee1236	Djeebbana	Maningrida	Australia	182	169	101	59.76
shon1251	Shona	Atlantic-Congo	Africa	182	169	101	59.76
fran1266	Francisco León Zoque	Mixe-Zoque	North America	161	149	89	59.73
pemo1248	Pemon	Cariban	South America	161	149	89	59.73
mala1522	Malayo	Chibchan	South America	157	144	86	59.72
bats1242	Bats	Nakh-Daghestanian	Eurasia	148	139	83	59.71
chib1270	Chibcha	Chibchan	South America	148	139	83	59.71
lala1264	Lala-Bisa	Atlantic-Congo	Africa	150	139	83	59.71
holo1240	Holoholo	Atlantic-Congo	Africa	144	134	80	59.7
yama1264	Yámana		South America	136	129	77	59.69
kunb1251	Kunbarlang	Gunwinyguan	Australia	190	176	105	59.66
thad1238	Thado Chin	Sino-Tibetan	Eurasia	184	171	102	59.65
bata1293	Batak Karo	Austronesian	Papunesia	103	99	59	59.6
okin1246	Oki-No-Erabu	Japonic	Eurasia	161	151	90	59.6
chic1270	Chickasaw	Muskogean	North America	150	141	84	59.57
siro1249	Siroi	Nuclear Trans New Guinea	Papunesia	98	94	56	59.57
oriy1255	Odia	Indo-European	Eurasia	193	178	106	59.55
even1260	Even	Tungusic	Eurasia	141	131	78	59.54
hind1269	Hindi	Indo-European	Eurasia	187	173	103	59.54
band1340	Bandial	Atlantic-Congo	Africa	87	84	50	59.52
clas1249	Classical-Middle Armenian	Indo-European	Eurasia	183	168	100	59.52
ayiw1239	Äiwoo	Austronesian	Papunesia	172	158	94	59.49
kryt1240	Kryz	Nakh-Daghestanian	Eurasia	165	153	91	59.48
bash1264	Bashkir	Turkic	Eurasia	161	148	88	59.46
dyir1250	Dyirbal	Pama-Nyungan	Australia	78	74	44	59.46
sang1331	Sanga (Democratic Republic of Congo)	Atlantic-Congo	Africa	162	148	88	59.46
zuni1245	Zuni		North America	156	143	85	59.44
latv1249	Latvian	Indo-European	Eurasia	184	170	101	59.41
filo1235	Filomeno Mata Totonac	Totonacan	North America	144	133	79	59.4
amha1245	Amharic	Afro-Asiatic	Africa	101	96	57	59.38
kamb1316	Kambaata	Afro-Asiatic	Africa	132	128	76	59.38
teiw1235	Teiwa	Timor-Alor-Pantar	Papunesia	32	32	19	59.38
thul1246	Thulung	Sino-Tibetan	Eurasia	175	160	95	59.38
khva1239	Khwarshi-Inkhoqwari	Nakh-Daghestanian	Eurasia	169	155	92	59.35
gizr1240	Gizrra	Eastern Trans-Fly	Papunesia	93	91	54	59.34
ship1254	Shipibo-Conibo	Pano-Tacanan	South America	162	150	89	59.33
choc1275	Chocangacakha	Sino-Tibetan	Eurasia	124	118	70	59.32
east2773	Eastern Newari	Sino-Tibetan	Eurasia	190	177	105	59.32
isco1239	Isconahua	Pano-Tacanan	South America	192	177	105	59.32
aika1237	Aikanã		South America	90	86	51	59.3
orok1269	Orokaiva	Nuclear Trans New Guinea	Papunesia	171	157	93	59.24
anci1242	Ancient Greek	Indo-European	Eurasia	194	179	106	59.22
maun1240	Mawng	Iwaidjan Proper	Australia	194	179	106	59.22
nucl1622	Marind	Anim	Papunesia	194	179	106	59.22
tibe1272	Tibetan	Sino-Tibetan	Eurasia	194	179	106	59.22
udih1248	Udihe	Tungusic	Eurasia	194	179	106	59.22
wanm1242	Wanman	Pama-Nyungan	Australia	132	125	74	59.2
cham1309	Chamalal	Nakh-Daghestanian	Eurasia	159	147	87	59.18
negi1245	Negidal	Tungusic	Eurasia	160	147	87	59.18
athp1241	Athpariya	Sino-Tibetan	Eurasia	182	169	100	59.17
east2516	East Kewa	Nuclear Trans New Guinea	Papunesia	179	169	100	59.17
nort2847	North Tanna	Austronesian	Papunesia	128	120	71	59.17
amam1246	Amam	Goilalan	Papunesia	175	164	97	59.15
coos1249	Hanis	Coosan	North America	176	164	97	59.15
lang1320	Langi	Atlantic-Congo	Africa	174	164	97	59.15
khak1248	Khakas	Turkic	Eurasia	170	159	94	59.12
cahu1264	Cahuilla	Uto-Aztecan	North America	190	176	104	59.09
cusc1236	Cusco Quechua	Quechuan	South America	167	154	91	59.09
gunw1252	Bininj Kun-Wok	Gunwinyguan	Australia	191	176	104	59.09
nort2972	Northern Emberá	Chocoan	South America	167	154	91	59.09
puqu1242	Puquina		South America	118	110	65	59.09
amap1240	Ama (Papua New Guinea)	Left May	Papunesia	163	149	88	59.06
aona1235	Ao Naga	Sino-Tibetan	Eurasia	185	171	101	59.06
cher1273	Cherokee	Iroquoian	North America	184	171	101	59.06
maco1239	Maco	Saliban	South America	163	149	88	59.06
oksa1245	Oksapmin	Nuclear Trans New Guinea	Papunesia	184	171	101	59.06
zakh1243	Zakhring	Sino-Tibetan	Eurasia	111	105	62	59.05
yidi1250	Yidiñ	Pama-Nyungan	Australia	156	144	85	59.03
mola1238	Molale		North America	174	161	95	59.01
arao1248	Araona	Pano-Tacanan	South America	193	178	105	58.99
lati1261	Latin	Indo-European	Eurasia	193	178	105	58.99
nort2690	Northern Uzbek	Turkic	Eurasia	193	178	105	58.99
yawa1260	Yawanawa	Pano-Tacanan	South America	148	139	82	58.99
apat1240	Apatani	Sino-Tibetan	Eurasia	170	156	92	58.97
chin1286	Clatsop-Shoalwater Chinook	Chinookan	North America	164	156	92	58.97
lama1288	Lamang	Afro-Asiatic	Africa	143	134	79	58.96
yami1256	Yaminahua	Pano-Tacanan	South America	182	168	99	58.93
ainu1240	Hokkaido Ainu	Ainu	Eurasia	176	163	96	58.9
bela1256	Belanda Bor	Nilotic	Africa	76	73	43	58.9
esee1247	Ese	Koiarian	Papunesia	75	73	43	58.9
mats1244	Matsés	Pano-Tacanan	South America	174	163	96	58.9
panj1256	Eastern Panjabi	Indo-European	Eurasia	195	180	106	58.89
tafi1243	Tafi	Atlantic-Congo	Africa	93	90	53	58.89
west2418	Western Magar	Sino-Tibetan	Eurasia	195	180	106	58.89
pali1279	Palikúr	Arawakan	South America	111	107	63	58.88
anga1290	Angaataha	Angan	Papunesia	131	124	73	58.87
bela1254	Belarusian	Indo-European	Eurasia	190	175	103	58.86
esee1248	Ese Ejja	Pano-Tacanan	South America	189	175	103	58.86
otta1242	Ottawa	Algic	North America	190	175	103	58.86
ayac1239	Ayacucho Quechua	Quechuan	South America	166	153	90	58.82
koro1313	Koromira	South Bougainville	Papunesia	127	119	70	58.82
chey1247	Cheyenne	Algic	North America	139	131	77	58.78
nene1249	Tundra Nenets	Uralic	Eurasia	190	177	104	58.76
nucl1310	Burmese	Sino-Tibetan	Eurasia	190	177	104	58.76
ruka1240	Rukai	Austronesian	Papunesia	191	177	104	58.76
lega1249	Lega-Shabunda	Atlantic-Congo	Africa	153	143	84	58.74
mari1424	Marithiel	Western Daly	Australia	151	143	84	58.74
ulch1241	Ulch	Tungusic	Eurasia	164	155	91	58.71
chim1302	Bolivar-North Chimborazo Highland Quichua	Quechuan	South America	176	167	98	58.68
nezp1238	Nez Perce	Sahaptian	North America	176	162	95	58.64
umaa1242	Uma	Austronesian	Papunesia	123	116	68	58.62
wamb1257	Wambule	Sino-Tibetan	Eurasia	189	174	102	58.62
bona1250	Bonan	Mongolic-Khitan	Eurasia	171	157	92	58.6
bemb1257	Bemba (Zambia)	Atlantic-Congo	Africa	183	169	99	58.58
drun1238	Drung	Sino-Tibetan	Eurasia	182	169	99	58.58
quil1240	Quileute	Chimakuan	North America	165	152	89	58.55
wapi1253	Wapishana	Arawakan	South America	86	82	48	58.54
wask1241	Waskia	Nuclear Trans New Guinea	Papunesia	86	82	48	58.54
maya1285	Mayangna	Misumalpan	North America	153	142	83	58.45
akka1240	Akkadian	Afro-Asiatic	Eurasia	167	154	90	58.44
east2545	Eastern Pomo	Pomoan	North America	163	154	90	58.44
gari1256	Garifuna	Arawakan	North America	80	77	45	58.44
alab1237	Alabama	Muskogean	North America	177	166	97	58.43
east2379	Eastern Arrernte	Pama-Nyungan	Australia	93	89	52	58.43
mesc1238	Mescalero-Chiricahua Apache	Athabaskan-Eyak-Tlingit	North America	92	89	52	58.43
saur1249	Sauria Paharia	Dravidian	Eurasia	179	166	97	58.43
kinn1249	Kinnauri	Sino-Tibetan	Eurasia	188	173	101	58.38
ling1263	Kinshasa Lingala	Atlantic-Congo	Africa	75	72	42	58.33
maka1311	Makasar	Austronesian	Papunesia	86	84	49	58.33
mian1256	Mian	Nuclear Trans New Guinea	Papunesia	100	96	56	58.33
sher1257	Sherdukpen	Sino-Tibetan	Eurasia	77	72	42	58.33
tami1289	Tamil	Dravidian	Eurasia	195	180	105	58.33
mara1378	Marathi	Indo-European	Eurasia	190	175	102	58.29
mari1440	Maricopa	Cochimi-Yuman	North America	175	163	95	58.28
ulwa1239	Ulwa	Misumalpan	North America	165	151	88	58.28
wyan1247	Huron-Wyandot	Iroquoian	North America	111	103	60	58.25
kyer1238	Kyerung	Sino-Tibetan	Eurasia	184	170	99	58.24
nukn1238	Nukna	Nuclear Trans New Guinea	Papunesia	183	170	99	58.24
yano1261	Yanomamö	Yanomamic	South America	172	158	92	58.23
wadj1254	Wadjiginy		Australia	141	134	78	58.21
boli1256	Bolinao	Austronesian	Papunesia	60	55	32	58.18
kaon1241	Kaonde	Atlantic-Congo	Africa	120	110	64	58.18
nepa1254	Nepali	Indo-European	Eurasia	162	153	89	58.17
bilu1245	Bilua		Papunesia	102	98	57	58.16
abau1245	Abau	Sepik	Papunesia	88	86	50	58.14
wola1242	Wolaytta	Ta-Ne-Omotic	Africa	193	179	104	58.1
pula1263	Pulaar	Atlantic-Congo	Africa	130	124	72	58.06
gana1278	Ganai	Pama-Nyungan	Australia	53	50	29	58
mund1330	Mundurukú	Tupian	South America	161	150	87	58
sout2954	Southern Amami-Oshima	Japonic	Eurasia	162	150	87	58
alse1251	Alsea-Yaquina		North America	149	138	80	57.97
paiw1248	Paiwan	Austronesian	Papunesia	92	88	51	57.95
sout2956	Southern Haida	Haida	North America	191	176	102	57.95
epen1239	Epena	Chocoan	South America	157	145	84	57.93
mbug1242	Mbugwe	Atlantic-Congo	Africa	117	114	66	57.89
tsou1248	Tsou	Austronesian	Papunesia	99	95	55	57.89
sout2989	Southern Lengua	Lengua-Mascoy	South America	193	178	103	57.87
belh1239	Belhariya	Sino-Tibetan	Eurasia	166	159	92	57.86
gamb1251	Gambera	Worrorran	Australia	129	121	70	57.85
nami1256	Namia	Sepik	Papunesia	85	83	48	57.83
gara1269	Garrwa	Garrwan	Australia	94	90	52	57.78
ubyk1235	Ubykh	Abkhaz-Adyge	Eurasia	172	161	93	57.76
eude1234	Eudeve	Uto-Aztecan	North America	153	142	82	57.75
yuqu1240	Yuqui	Tupian	South America	153	142	82	57.75
beto1236	Betoi-Jirara		South America	130	123	71	57.72
isir1237	Isirawa	Greater Kwerba	Papunesia	159	149	86	57.72
shab1252	Shabo		Africa	189	175	101	57.71
chim1312	Chimwiini	Atlantic-Congo	Africa	81	78	45	57.69
kulu1253	Kulung (Nepal)	Sino-Tibetan	Eurasia	168	156	90	57.69
mbol1247	Mbole	Atlantic-Congo	Africa	89	78	45	57.69
colo1256	Tsafiki	Barbacoan	South America	144	137	79	57.66
mika1239	Mikasuki	Muskogean	North America	147	137	79	57.66
nden1248	Ndengereko	Atlantic-Congo	Africa	88	85	49	57.65
omie1241	Ömie	Koiarian	Papunesia	156	144	83	57.64
aleu1260	Aleut	Eskimo-Aleut	North America	192	177	102	57.63
sina1266	Sinaugoro	Austronesian	Papunesia	192	177	102	57.63
sion1247	Siona-Tetete	Tucanoan	South America	62	59	34	57.63
wamb1258	Wambayan	Mirndi	Australia	103	99	57	57.58
tama1365	Tamasheq	Afro-Asiatic	Africa	186	172	99	57.56
barg1252	Bargam	Nuclear Trans New Guinea	Papunesia	152	139	80	57.55
limo1248	Limos Kalinga	Austronesian	Papunesia	114	106	61	57.55
mwer1248	Mwera (Chimwera)	Atlantic-Congo	Africa	153	139	80	57.55
fasu1242	Fasu		Papunesia	120	113	65	57.52
hame1242	Hamer-Banna	South Omotic	Africa	173	160	92	57.5
konk1267	Konkan Marathi	Indo-European	Eurasia	180	167	96	57.49
tonk1249	Tonkawa		North America	156	148	85	57.43
namb1293	Nambo	Yam	Papunesia	182	169	97	57.4
yaum1237	Yau (Morobe Province)	Nuclear Trans New Guinea	Papunesia	181	169	97	57.4
ngom1268	Ngombe (Democratic Republic of Congo)	Atlantic-Congo	Africa	121	115	66	57.39
miwa1242	Miwa	Worrorran	Australia	130	122	70	57.38
khum1248	Khumi Chin	Sino-Tibetan	Eurasia	133	129	74	57.36
nucl1452	Mombum	Mombum-Koneraw	Papunesia	73	68	39	57.35
ekar1243	Ekari	Nuclear Trans New Guinea	Papunesia	151	143	82	57.34
dido1241	Tsez	Nakh-Daghestanian	Eurasia	170	157	90	57.32
sout2797	Southern Toussian	Atlantic-Congo	Africa	92	82	47	57.32
kore1280	Korean	Koreanic	Eurasia	185	171	98	57.31
situ1238	Situ	Sino-Tibetan	Eurasia	185	171	98	57.31
crow1244	Crow	Siouan	North America	192	178	102	57.3
shos1248	Shoshoni	Uto-Aztecan	North America	192	178	102	57.3
yana1271	Yana		North America	91	89	51	57.3
afar1241	Afar	Afro-Asiatic	Africa	188	173	99	57.23
bant1281	Bantawa	Sino-Tibetan	Eurasia	181	166	95	57.23
chig1238	Chiga	Atlantic-Congo	Africa	95	91	52	57.14
gras1249	Grass Koiari	Koiarian	Papunesia	95	91	52	57.14
haka1240	Haka Chin	Sino-Tibetan	Eurasia	170	161	92	57.14
juan1238	Juang	Austroasiatic	Eurasia	150	140	80	57.14
kaby1243	Kabyle	Afro-Asiatic	Africa	65	63	36	57.14
nucl1458	Monumbo	Bogia	Papunesia	161	147	84	57.14
wamb1259	Wambon	Nuclear Trans New Guinea	Papunesia	94	91	52	57.14
waur1244	Waurá	Arawakan	South America	86	84	48	57.14
wila1240	Wilawila	Worrorran	Australia	127	119	68	57.14
bagv1239	Bagvalal	Nakh-Daghestanian	Eurasia	170	156	89	57.05
wara1300	Waray (Philippines)	Austronesian	Papunesia	122	114	65	57.02
iwam1256	Iwam	Sepik	Papunesia	105	100	57	57
lara1258	Laragia		Australia	108	100	57	57
russ1263	Russian	Indo-European	Eurasia	193	179	102	56.98
hupd1244	Hup	Naduhup	South America	160	151	86	56.95
umbu1235	Umbugarla		Australia	126	123	70	56.91
jaru1254	Jaru	Pama-Nyungan	Australia	61	58	33	56.9
siaw1243	Siawi	Amto-Musan	Papunesia	123	116	66	56.9
awad1243	Awadhi	Indo-European	Eurasia	173	160	91	56.88
ghod1238	Godoberi	Nakh-Daghestanian	Eurasia	165	153	87	56.86
puyu1239	Puyuma	Austronesian	Papunesia	99	95	54	56.84
lith1251	Lithuanian	Indo-European	Eurasia	191	176	100	56.82
gily1242	Amur Nivkh	Nivkh	Eurasia	183	169	96	56.8
keap1239	Keapara	Austronesian	Papunesia	174	162	92	56.79
cree1270	Creek	Muskogean	North America	185	171	97	56.73
kuik1246	Kuikúro-Kalapálo	Cariban	South America	176	164	93	56.71
hinu1240	Hinuq	Nakh-Daghestanian	Eurasia	99	97	55	56.7
ilok1237	Iloko	Austronesian	Papunesia	94	90	51	56.67
atam1239	Atampaya	Pama-Nyungan	Australia	87	83	47	56.63
huam1247	Huambisa	Chicham	South America	180	166	94	56.63
newa1246	Kathmandu Valley Newari	Sino-Tibetan	Eurasia	179	166	94	56.63
oroc1248	Oroch	Tungusic	Eurasia	162	152	86	56.58
tiwi1244	Tiwi		Australia	102	99	56	56.57
hual1241	Huallaga Huánuco Quechua	Quechuan	South America	191	177	100	56.5
mala1464	Malayalam	Dravidian	Eurasia	192	177	100	56.5
plat1254	Plateau Malagasy	Austronesian	Africa	89	85	48	56.47
lezg1247	Lezgian	Nakh-Daghestanian	Eurasia	194	179	101	56.42
waya1269	Wayana	Cariban	South America	178	165	93	56.36
yane1238	Yanesha'	Arawakan	South America	114	110	62	56.36
huli1244	Huli	Nuclear Trans New Guinea	Papunesia	131	126	71	56.35
luch1239	Luchazi	Atlantic-Congo	Africa	136	126	71	56.35
rumu1243	Rumu	Turama-Kikori	Papunesia	73	71	40	56.34
puma1239	Puma	Sino-Tibetan	Eurasia	172	158	89	56.33
igna1246	Ignaciano	Arawakan	South America	91	87	49	56.32
pras1239	Prasun	Indo-European	Eurasia	93	87	49	56.32
guah1255	Guahibo	Guahiboan	South America	179	167	94	56.29
hixk1239	Hixkaryána	Cariban	South America	162	151	85	56.29
aeky1238	Aekyom	Kamula-Elevala	Papunesia	120	112	63	56.25
nucl1302	Georgian	Kartvelian	Eurasia	191	176	99	56.25
tago1246	Tagoi	Rashad	Africa	107	96	54	56.25
uduk1239	Uduk	Koman	Africa	135	128	72	56.25
usan1239	Usan	Nuclear Trans New Guinea	Papunesia	100	96	54	56.25
wiru1244	Wiru		Papunesia	180	169	95	56.21
zinz1238	Zinza	Atlantic-Congo	Africa	106	98	55	56.12
nenn1238	Nen	Yam	Papunesia	195	180	101	56.11
hida1246	Hidatsa	Siouan	North America	177	164	92	56.1
puin1248	Puinave		South America	44	41	23	56.1
suen1241	Suena	Nuclear Trans New Guinea	Papunesia	94	91	51	56.04
kaba1278	Kabardian	Abkhaz-Adyge	Eurasia	174	166	93	56.02
bora1271	Borana-Arsi-Guji Oromo	Afro-Asiatic	Africa	78	75	42	56
nyun1247	Nyunga	Pama-Nyungan	Australia	26	25	14	56
nort2938	Northern Haida	Haida	North America	179	168	94	55.95
maru1252	Marúbo	Pano-Tacanan	South America	126	118	66	55.93
wuna1249	Wunambal	Worrorran	Australia	127	118	66	55.93
bora1263	Bora	Boran	South America	173	161	90	55.9
mara1396	Mararit	Tamaic	Africa	92	86	48	55.81
luva1239	Luvale	Atlantic-Congo	Africa	169	156	87	55.77
natc1249	Natchez		North America	108	104	58	55.77
zand1248	Zande	Atlantic-Congo	Africa	118	113	63	55.75
mand1423	Manda-Matumba	Atlantic-Congo	Africa	84	79	44	55.7
choc1276	Choctaw	Muskogean	North America	190	176	98	55.68
cube1242	Cubeo	Tucanoan	South America	191	176	98	55.68
lavu1241	Lavukaleve		Papunesia	181	169	94	55.62
cham1318	Chamicuro	Arawakan	South America	54	54	30	55.56
ingu1240	Ingush	Nakh-Daghestanian	Eurasia	166	153	85	55.56
lard1243	Lardil	Tangkic	Australia	94	90	50	55.56
tupi1273	Tupinambá	Tupian	South America	163	153	85	55.56
ahin1234	Ahin-Kayapa Kalanguya	Austronesian	Papunesia	104	101	56	55.45
meny1245	Menya	Angan	Papunesia	96	92	51	55.43
midd1357	Middle Clarence Bandjalang	Pama-Nyungan	Australia	96	92	51	55.43
makw1236	Makwe	Atlantic-Congo	Africa	86	83	46	55.42
mach1267	Machiguenga	Arawakan	South America	96	94	52	55.32
desa1247	Desano	Tucanoan	South America	180	170	94	55.29
idii1243	Idi-Taeme	Pahoturi	Papunesia	185	170	94	55.29
kork1243	Korku	Austroasiatic	Eurasia	133	123	68	55.28
siri1274	Siriano	Tucanoan	South America	122	116	64	55.17
awtu1239	Awtuw	Sepik	Papunesia	138	127	70	55.12
winj1235	Winjarumi	Worrorran	Australia	126	118	65	55.08
fipa1238	Fipa	Atlantic-Congo	Africa	120	109	60	55.05
bili1260	Bilin	Afro-Asiatic	Africa	157	149	82	55.03
hozo1236	Hozo	Blue Nile Mao	Africa	87	80	44	55
mull1237	Mullukmulluk	Northern Daly	Australia	169	160	88	55
yeyi1239	Yeyi	Atlantic-Congo	Africa	102	100	55	55
zulu1248	Zulu	Atlantic-Congo	Africa	42	40	22	55
warl1256	Warluwara	Pama-Nyungan	Australia	95	91	50	54.95
buku1249	Bukusu	Atlantic-Congo	Africa	52	51	28	54.9
chim1301	Chimariko		North America	141	133	73	54.89
sang1330	Sangu (Tanzania)	Atlantic-Congo	Africa	88	82	45	54.88
chec1245	Chechen	Nakh-Daghestanian	Eurasia	168	155	85	54.84
meri1244	Meriam	Eastern Trans-Fly	Papunesia	99	95	52	54.74
yany1243	Yanyuwa	Pama-Nyungan	Australia	90	86	47	54.65
sele1250	Selepet	Nuclear Trans New Guinea	Papunesia	101	97	53	54.64
ngab1239	Ngäbere	Chibchan	North America	165	152	83	54.61
achu1247	Achumawi	Palaihnihan	North America	106	99	54	54.55
bena1262	Bena (Tanzania)	Atlantic-Congo	Africa	93	88	48	54.55
nama1266	Nama (Papua New Guinea)	Yam	Papunesia	56	55	30	54.55
paez1247	Páez		South America	45	44	24	54.55
hunz1247	Hunzib	Nakh-Daghestanian	Eurasia	170	156	85	54.49
ambu1247	Ambulas	Ndu	Papunesia	91	90	49	54.44
kamo1255	Kamoro	Nuclear Trans New Guinea	Papunesia	94	90	49	54.44
kore1283	Koreguaje	Tucanoan	South America	72	68	37	54.41
narr1259	Narrinyeri	Pama-Nyungan	Australia	72	68	37	54.41
kaur1271	Kaure-Narau	Kaure-Kosare	Papunesia	60	57	31	54.39
cavi1250	Cavineña	Pano-Tacanan	South America	151	140	76	54.29
alam1246	Alamblak	Sepik	Papunesia	98	94	51	54.26
kala1377	Kala Lagaw Ya	Pama-Nyungan	Australia	98	94	51	54.26
murr1258	Murriny Patha	Southern Daly	Australia	97	94	51	54.26
bura1267	Burarra	Maningrida	Australia	87	83	45	54.22
mbal1255	Central Wambo	Atlantic-Congo	Africa	100	96	52	54.17
umbu1257	Umbundu	Atlantic-Congo	Africa	153	144	78	54.17
pech1241	Pech	Chibchan	North America	144	133	72	54.14
west2599	West Kewa	Nuclear Trans New Guinea	Papunesia	102	98	53	54.08
nort2951	Northwest Maidu	Maiduan	North America	142	135	73	54.07
yine1238	Yine	Arawakan	South America	91	87	47	54.02
guan1266	Khroskyabs	Sino-Tibetan	Eurasia	191	176	95	53.98
dera1245	Dera (Indonesia)	Senagi	Papunesia	93	91	49	53.85
tagi1241	Tagin	Sino-Tibetan	Eurasia	96	91	49	53.85
ngge1241	Nggem	Nuclear Trans New Guinea	Papunesia	99	95	51	53.68
thay1249	Thayore	Pama-Nyungan	Australia	99	95	51	53.68
unaa1239	Una	Nuclear Trans New Guinea	Papunesia	85	82	44	53.66
brib1243	Bribri	Chibchan	North America	163	151	81	53.64
curr1243	Curripaco	Arawakan	South America	101	97	52	53.61
maku1277	Maku'a	Austronesian	Papunesia	29	28	15	53.57
cabe1245	Cabécar	Chibchan	North America	139	129	69	53.49
chac1249	Cha'palaa	Barbacoan	South America	91	86	46	53.49
lamb1269	Lambadi	Indo-European	Eurasia	155	146	78	53.42
mauw1238	Mauwake	Nuclear Trans New Guinea	Papunesia	92	88	47	53.41
cent1972	Central Kurdish	Indo-European	Eurasia	15	15	8	53.33
poli1260	Polish	Indo-European	Eurasia	195	180	96	53.33
suku1261	Sukuma	Atlantic-Congo	Africa	128	120	64	53.33
tauy1241	Tauya	Nuclear Trans New Guinea	Papunesia	94	90	48	53.33
yora1241	Yora	Pano-Tacanan	South America	129	122	65	53.28
kora1294	Korafe-Yegha	Nuclear Trans New Guinea	Papunesia	96	92	49	53.26
burm1264	Burmeso		Papunesia	65	62	33	53.23
lowe1412	Tanudan Kalinga	Austronesian	Papunesia	64	62	33	53.23
safw1238	Safwa	Atlantic-Congo	Africa	48	47	25	53.19
awar1248	Awara	Nuclear Trans New Guinea	Papunesia	136	126	67	53.17
kung1259	Kungarakany		Australia	82	81	43	53.09
nugu1242	Nugunu (Cameroon)	Atlantic-Congo	Africa	86	81	43	53.09
agob1244	Agob-Ende-Kawam	Pahoturi	Papunesia	194	179	95	53.07
poya1241	Poyanáwa	Pano-Tacanan	South America	50	49	26	53.06
isla1278	Island Carib	Arawakan	North America	85	83	44	53.01
beja1238	Beja	Afro-Asiatic	Africa	121	117	62	52.99
arch1244	Archi	Nakh-Daghestanian	Eurasia	148	136	72	52.94
burj1242	Burji	Afro-Asiatic	Africa	187	172	91	52.91
worr1237	Worrorra	Worrorran	Australia	151	138	73	52.9
orya1242	Orya	Tor-Orya	Papunesia	91	91	48	52.75
arhu1242	Arhuaco	Chibchan	South America	156	146	77	52.74
rikb1245	Rikbaktsa	Nuclear-Macro-Je	South America	149	135	71	52.59
tere1278	Terei	South Bougainville	Papunesia	60	59	31	52.54
chhi1245	Chintang	Sino-Tibetan	Eurasia	150	139	73	52.52
resi1247	Resígaro	Arawakan	South America	83	80	42	52.5
sida1246	Sidamo	Afro-Asiatic	Africa	104	101	53	52.48
yano1262	Yanomám	Yanomamic	South America	65	61	32	52.46
kwaz1243	Kwaza		South America	159	145	76	52.41
matu1259	Matumbi	Atlantic-Congo	Africa	134	126	66	52.38
djam1256	Djambarrpuyngu	Pama-Nyungan	Australia	91	88	46	52.27
pare1272	Parecís	Arawakan	South America	144	136	71	52.21
chac1251	Chácobo	Pano-Tacanan	South America	176	161	84	52.17
wint1259	Wintu	Wintuan	North America	159	150	78	52
west2538	West Tarangan	Austronesian	Papunesia	54	52	27	51.92
nonu1241	Nonuya	Huitotoan	South America	54	54	28	51.85
ngar1284	Ngarinyin	Worrorran	Australia	181	170	88	51.76
moha1258	Mohawk	Iroquoian	North America	127	120	62	51.67
tele1256	Telefol	Nuclear Trans New Guinea	Papunesia	99	95	49	51.58
ando1256	Andoque		South America	38	35	18	51.43
mana1298	Manambu	Ndu	Papunesia	194	179	92	51.4
buol1237	Buol	Austronesian	Papunesia	117	111	57	51.35
omah1247	Omaha-Ponca	Siouan	North America	81	74	38	51.35
kark1258	Karkar-Yuri	Pauwasi	Papunesia	132	127	65	51.18
japh1234	Japhug	Sino-Tibetan	Eurasia	185	172	88	51.16
bard1255	Bardi	Nyulnyulan	Australia	94	90	46	51.11
onge1236	Önge	Jarawa-Onge	Eurasia	46	45	23	51.11
kaya1319	Kayardild	Tangkic	Australia	96	92	47	51.09
yima1243	Yimas	Lower Sepik-Ramu	Papunesia	100	96	49	51.04
ngar1283	Ngarnka	Mirndi	Australia	162	149	76	51.01
goon1238	Gooniyandi	Bunaban	Australia	99	95	48	50.53
hdii1240	Hdi	Afro-Asiatic	Africa	98	95	48	50.53
aram1253	Arammba	Yam	Papunesia	92	88	44	50
kons1243	Konso	Afro-Asiatic	Africa	87	84	42	50
mehi1240	Mehináku	Arawakan	South America	4	4	2	50
moro1289	Marori		Papunesia	105	100	50	50
naba1256	Nabak	Nuclear Trans New Guinea	Papunesia	82	80	40	50
nama1264	Nama (Namibia)	Khoe-Kwadi	Africa	91	88	44	50
omii1238	Omi	Central Sudanic	Africa	18	16	8	50
wira1262	Wiradhuri	Pama-Nyungan	Australia	14	12	6	50
rita1239	Ritarungo	Pama-Nyungan	Australia	93	89	44	49.44
asha1243	Asháninka	Arawakan	South America	91	87	43	49.43
giry1241	Giryama	Atlantic-Congo	Africa	83	77	38	49.35
tani1257	Tanimuca-Retuarã	Tucanoan	South America	69	65	32	49.23
bamb1262	Bambassi	Blue Nile Mao	Africa	99	96	47	48.96
imon1245	Imonda	Border	Papunesia	91	88	43	48.86
natu1246	Natügu	Austronesian	Papunesia	96	88	43	48.86
turk1308	Turkana	Nilotic	Africa	99	97	47	48.45
tari1256	Tariana	Arawakan	South America	161	149	72	48.32
buru1296	Burushaski		Eurasia	159	147	71	48.3
bayo1255	Kugere-Kuxinge	Atlantic-Congo	Africa	58	56	27	48.21
pott1240	Pottangi Ollar Gadaba	Dravidian	Eurasia	85	81	39	48.15
sout1549	Southeastern Kolami	Dravidian	Eurasia	76	71	34	47.89
noma1263	Nomatsiguenga	Arawakan	South America	96	92	44	47.83
shek1245	Sheko	Dizoid	Africa	90	86	41	47.67
tuca1252	Tucano	Tucanoan	South America	67	63	30	47.62
kuvi1243	Kuvi	Dravidian	Eurasia	103	97	46	47.42
enap1235	Panare	Cariban	South America	146	133	63	47.37
soma1255	Somali	Afro-Asiatic	Africa	97	93	44	47.31
kron1241	Krongo	Kadugli-Krongo	Africa	75	72	34	47.22
bine1240	Bine	Eastern Trans-Fly	Papunesia	88	85	40	47.06
bani1255	Baniwa do Icana	Arawakan	South America	85	83	39	46.99
mara1385	Marra	Mangarrayi-Maran	Australia	94	90	42	46.67
naas1242	Naasioi	South Bougainville	Papunesia	53	52	24	46.15
anin1240	Anindilyakwa	Gunwinyguan	Australia	102	98	45	45.92
bera1262	Berau Malay	Austronesian	Papunesia	11	11	5	45.45
kuii1252	Kui (India)	Dravidian	Eurasia	113	106	48	45.28
nort2699	Northwestern Kolami	Dravidian	Eurasia	89	84	38	45.24
sand1273	Sandawe		Africa	76	73	33	45.21
dime1235	Dime	South Omotic	Africa	52	51	23	45.1
telu1262	Telugu	Dravidian	Eurasia	127	120	54	45
ngur1261	Wilson River (Grey Range)	Pama-Nyungan	Australia	29	27	12	44.44
umii1235	Umiida-Unggarangu	Worrorran	Australia	88	84	37	44.05
yele1255	Yele		Papunesia	175	162	71	43.83
masa1300	Masai	Nilotic	Africa	73	71	31	43.66
warl1254	Warlpiri	Pama-Nyungan	Australia	98	94	41	43.62
moro1285	Moro	Heibanic	Africa	77	76	33	43.42
ngan1295	Ngandi	Gunwinyguan	Australia	95	91	39	42.86
samo1303	Samo	East Strickland	Papunesia	44	40	17	42.5
bana1288	Banao Itneg	Austronesian	Papunesia	24	24	10	41.67
tira1254	Tira	Heibanic	Africa	77	77	32	41.56
guri1248	Guriaso		Papunesia	24	22	9	40.91
haio1238	Hai//om-Akhoe	Khoe-Kwadi	Africa	35	33	13	39.39
tima1241	Tima	Katla-Tima	Africa	61	59	23	38.98
ilia1236	Ilianen Manobo	Austronesian	Papunesia	18	18	7	38.89
suru1262	Suruí	Tupian	South America	18	18	7	38.89
sara1331	Saraveca	Arawakan	South America	19	19	7	36.84
otor1240	Otoro	Heibanic	Africa	88	86	31	36.05
tagb1258	Tagbanwa	Austronesian	Papunesia	42	41	14	34.15
quey1238	Queyu	Sino-Tibetan	Eurasia	6	6	2	33.33
rend1243	Rendille	Afro-Asiatic	Africa	44	43	13	30.23
tain1254	Taino	Arawakan	North America	4	4	1	25
apol1242	Apolista	Arawakan	South America	14	14	2	14.29
